979
0 1 2 0 22 261 1 425 -218 3 2
1 0 -1 -692.699 402 215 0 -33 -226 1 2
2 -2 3 0 -486 -117 0 -147 330 2 1
3 -3 4 0 277 -291 1 -357 257 1 2
4 5 978 841.181 180 -183 1 114 -133 1 1
5 -4 6 0 417 -130 2 450 81 1 2
6 7 8 0 -460 330 1 -477 -233 3 1
7 -5 -6 -396.902 459 -128 0 -183 66 2 1
8 9 10 0 469 -252 2 493 -191 0 2
9 -7 -8 0 -142 -244 1 65 -198 2 2
10 11 12 0 -374 234 1 -478 -218 2 1
11 -9 -10 -974 473 -283 1 -404 -143 2 2
12 -11 13 0 281 24 1 -479 235 2 1
13 -12 14 0 -184 -300 1 327 -277 1 2
14 -13 15 0 -308 199 2 -132 346 2 1
15 16 18 0 69 -188 3 -171 276 1 1
16 -14 17 0 233 -120 2 -106 299 3 2
17 -15 -16 0 332 74 1 -190 133 3 2
18 19 21 0 118 -331 1 300 325 1 1
19 -17 20 0 268 -168 2 183 -62 2 1
20 -18 -19 372.849 -63 184 0 163 266 0 1
21 22 23 0 -410 -66 2 -373 241 3 2
22 -20 -21 0 175 72 2 -386 22 1 2
23 -22 24 0 -478 317 1 218 -312 1 1
24 -23 25 0 -433 -262 2 331 -273 3 1
25 26 27 0 63 -230 2 408 -218 1 2
26 -24 -25 1389.57 237 66 2 -479 21 1 2
27 28 977 886.693 465 -94 1 -336 66 2 1
28 -26 29 0 -122 257 1 -158 278 3 1
29 -27 30 0 -54 -308 3 -387 -351 2 2
30 31 34 0 425 -65 1 135 348 2 1
31 32 33 -2902.15 -154 247 0 161 220 1 2
32 -28 -29 -544.108 -254 -319 1 9 122 2 1
33 -30 -31 231.813 163 217 2 -85 -218 2 2
34 35 36 0 457 285 2 494 -173 1 1
35 -32 -33 -3496.79 -443 -178 1 82 -28 1 2
36 37 38 0 -272 -310 2 -471 -218 1 1
37 -34 -35 -121.203 -228 -6 3 -294 1 0 1
38 39 41 0 128 70 1 -93 284 2 2
39 40 -38 206.579 -142 216 0 56 -172 1 1
40 -36 -37 -2289.84 265 -42 0 65 77 1 2
41 -39 42 0 -326 -50 2 209 -311 2 1
42 -40 43 0 6 236 2 194 342 0 1
43 -41 44 0 245 290 0 320 -274 2 2
44 45 46 0 489 123 2 399 -245 3 1
45 -42 -43 3277.58 364 -101 2 426 144 2 2
46 -44 47 0 -453 -131 1 -480 -183 0 1
47 -45 48 0 -133 163 2 -256 245 2 2
48 -46 49 0 450 -189 3 -480 -216 2 1
49 -47 50 0 -397 110 3 -146 319 2 1
50 51 52 0 252 -331 3 -145 313 1 1
51 -48 -49 281.819 -158 57 1 -259 216 3 1
52 -50 53 0 -329 -88 3 484 208 1 2
53 -51 54 0 -142 274 2 254 347 2 1
54 55 59 0 396 -300 2 262 340 1 2
55 56 58 -1693.25 346 -202 2 -82 149 3 2
56 57 -54 -98.1688 -173 -162 0 270 278 2 1
57 -52 -53 270.073 18 299 2 104 -172 2 1
58 -55 -56 -3001.35 329 -358 3 175 228 2 2
59 -57 60 0 134 382 1 -203 265 3 1
60 61 62 0 -187 270 1 123 325 0 2
61 -58 -59 0 -314 -173 3 28 338 1 1
62 63 64 0 -177 -159 0 479 200 2 1
63 -60 -61 0 -240 79 2 485 157 2 1
64 65 69 0 -120 -280 2 -133 294 0 1
65 -62 66 -975.948 -168 50 0 -28 313 2 2
66 67 -66 -165 357 292 1 243 202 0 1
67 68 -65 3497.26 34 37 1 -175 -292 2 2
68 -63 -64 25.2739 158 318 0 333 -289 1 2
69 -67 70 0 145 -301 1 -159 286 3 2
70 -68 71 0 -474 46 2 -491 -148 0 2
71 72 74 0 4 -288 1 457 -194 1 2
72 -69 73 -175.751 -491 120 3 481 -32 3 2
73 -70 -71 -3455.14 -102 -30 3 26 -155 1 2
74 -72 75 0 300 124 1 -487 -212 1 2
75 -73 76 0 266 -83 2 287 306 1 2
76 -74 77 0 47 -201 3 -499 -183 0 2
77 78 79 0 -231 21 2 288 295 3 2
78 -75 -76 -125.828 396 -140 2 270 -97 0 1
79 80 82 0 -169 331 2 89 315 1 1
80 81 -79 683.516 8 227 3 -376 -275 1 2
81 -77 -78 1571.6 55 -73 2 275 -19 3 2
82 -80 83 0 471 232 2 103 302 2 2
83 84 85 0 -166 235 1 467 212 1 2
84 -81 -82 -97.8838 90 11 2 291 -124 2 1
85 -83 86 0 -124 -295 2 -499 208 1 2
86 -84 87 0 -325 -196 2 -90 296 1 1
87 88 92 0 -421 274 1 495 -14 1 2
88 89 91 2258.38 186 -30 3 -214 -9 2 2
89 90 -87 427.759 331 189 2 352 -165 2 2
90 -85 -86 0 308 216 1 28 181 2 2
91 -88 -89 -3692.27 -121 194 2 443 -23 3 2
92 93 94 0 284 176 3 393 -247 1 2
93 -90 -91 -3583.78 196 321 1 154 -98 3 2
94 -92 95 0 249 91 1 470 81 1 2
95 96 98 0 268 -84 3 407 131 2 2
96 -93 97 188.593 65 -109 2 -175 160 2 1
97 -94 -95 -344.838 -235 194 2 283 -101 2 1
98 -96 99 0 -467 -218 2 493 -169 2 1
99 -97 100 0 256 15 0 -84 285 1 1
100 101 104 0 18 217 1 479 -73 0 2
101 102 -101 -771.165 224 191 1 303 -28 1 2
102 103 -100 0 433 210 3 221 -155 0 2
103 -98 -99 3219.59 226 -184 1 40 -278 2 2
104 105 106 0 -135 168 1 434 -204 3 1
105 -102 -103 -2595.44 442 144 1 -48 -192 0 2
106 -104 107 0 489 93 1 -472 -212 1 2
107 -105 108 0 168 -246 2 463 -176 1 2
108 -106 109 0 -396 -212 2 458 -190 0 2
109 -107 110 0 -475 38 2 457 231 0 2
110 -108 111 0 -81 -149 1 276 283 2 2
111 -109 112 0 135 -46 2 12 279 2 1
112 113 114 0 339 284 1 -207 249 1 1
113 -110 -111 0 324 7 1 198 50 1 2
114 -112 115 0 241 -318 3 475 -162 2 2
115 116 117 0 193 -291 3 -467 -226 2 2
116 -113 -114 353.124 -461 89 0 190 -73 0 1
117 118 119 0 401 7 2 277 267 2 2
118 -115 -116 598.098 233 196 2 51 386 1 1
119 -117 120 0 464 -298 2 164 292 2 2
120 -118 121 0 -107 -331 1 457 226 1 2
121 122 123 0 374 -14 3 450 -195 2 1
122 -119 -120 578.11 -28 -164 1 241 -138 2 2
123 124 125 0 391 130 1 -490 -194 3 2
124 -121 -122 2106.35 -266 43 1 -494 180 1 2
125 -123 126 0 322 -50 0 -25 285 2 1
126 -124 127 0 -79 -282 0 192 -299 2 1
127 128 129 0 -187 359 1 -347 242 0 1
128 -125 -126 1844.2 -239 -56 3 -436 186 2 2
129 130 131 0 -489 -118 1 -489 217 0 1
130 -127 -128 2012 -483 83 0 306 303 2 2
131 -129 132 0 196 -304 1 -446 -227 3 2
132 133 136 0 336 -331 1 -468 217 0 1
133 134 -133 1943.9 -222 -92 3 -158 -113 3 2
134 135 -132 286.343 -354 -89 2 215 170 2 1
135 -130 -131 -332.832 456 -116 0 -106 -51 2 1
136 137 151 0 447 -256 1 446 182 1 2
137 138 139 0 134 240 1 -3 229 2 2
138 -134 -135 1694.94 136 113 1 -481 147 0 2
139 140 141 0 -349 -201 0 434 -178 1 1
140 -136 -137 0 -253 94 2 -47 -175 1 1
141 -138 142 -799.025 -171 235 2 461 193 0 1
142 143 -148 900 59 -85 2 -450 12 1 1
143 -139 144 -711.605 -44 29 1 296 61 1 1
144 145 -147 3512.03 311 -41 2 -163 -90 0 2
145 146 150 2607.19 260 118 2 250 253 2 2
146 -140 147 -2571.05 -101 -311 1 54 188 3 2
147 -141 148 1522.39 -12 -79 2 39 -231 1 2
148 -142 149 -3242.5 -427 -273 2 251 183 2 2
149 -143 -144 0 -140 -152 1 33 -171 1 1
150 -145 -146 2019.82 310 -32 3 117 112 3 2
151 -149 152 0 -484 79 2 199 -338 1 1
152 153 154 0 -475 104 1 391 -241 1 2
153 -150 -151 917.528 347 -224 1 -334 153 1 1
154 -152 155 0 371 274 2 474 155 3 2
155 156 157 0 -405 56 1 -181 257 2 2
156 -153 -154 568.422 -164 205 1 -378 248 2 1
157 158 159 0 -173 299 2 -437 -226 0 1
158 -155 -156 -528.161 -123 0 1 -321 -136 2 2
159 160 161 0 257 -208 3 448 -188 3 2
160 -157 -158 487.166 159 -101 2 -394 288 3 2
161 -159 162 0 -243 351 1 -453 218 1 2
162 -160 163 0 -351 -178 2 -449 220 1 2
163 164 165 0 340 -86 2 389 159 1 2
164 -161 -162 304.188 401 87 2 427 -177 1 2
165 166 167 0 -421 -268 2 463 -137 3 2
166 -163 -164 -1128.71 9 -152 2 320 -27 2 2
167 168 170 0 -397 -30 2 243 269 1 1
168 -165 169 0 147 326 2 263 198 1 2
169 -166 -167 274.9 -14 159 1 -9 -148 3 1
170 -168 171 0 -64 262 3 164 271 3 2
171 -169 172 0 196 21 1 460 -146 1 1
172 173 178 0 16 -303 1 223 -296 2 1
173 174 176 0 0 -386 1 247 -159 2 1
174 175 -172 -395.632 -222 -202 1 256 -40 0 1
175 -170 -171 883.407 127 67 0 93 -331 0 2
176 -173 177 74.9004 231 -263 1 326 331 0 1
177 -174 -175 -77.9811 -146 123 1 43 -100 1 2
178 179 180 0 -155 102 3 -468 -156 1 2
179 -176 -177 -511.235 -194 -228 1 -414 -119 0 1
180 181 182 0 -388 -55 0 -163 264 1 1
181 -178 -179 -579.085 -131 233 3 -172 -53 2 2
182 183 976 3647 -298 -20 1 -88 2 1 2
183 -180 184 0 -264 -137 1 398 248 3 1
184 -181 185 0 -280 -298 0 -300 -330 2 2
185 186 191 0 297 312 2 -379 -356 2 1
186 187 -187 4080 29 -245 3 -237 67 2 2
187 188 -186 3181.47 -213 -38 0 381 54 2 2
188 189 -185 801.806 -294 -17 3 248 46 1 1
189 -182 190 -377.154 -60 -240 2 -322 -40 3 1
190 -183 -184 670.034 -137 -113 1 -86 -208 3 1
191 192 195 0 255 121 1 -144 256 0 1
192 193 -191 -339.526 -118 380 3 57 48 1 2
193 -188 194 394.314 -135 213 2 22 -215 1 1
194 -189 -190 1143.44 -172 -46 2 -12 -343 0 2
195 -192 196 0 133 227 1 83 256 1 1
196 -193 197 0 -484 -73 0 450 -184 1 2
197 -194 198 0 -329 229 2 -140 258 3 2
198 199 200 0 -451 197 2 455 -170 3 2
199 -195 -196 -3411.46 -248 -222 2 168 -17 2 2
200 -197 201 0 276 -312 0 -372 -367 1 2
201 -198 202 0 224 -255 2 396 -232 2 1
202 -199 203 0 -393 139 1 -51 265 1 2
203 -200 204 0 -104 106 1 -173 240 2 2
204 205 207 0 238 218 1 162 -328 1 1
205 206 -203 0 -255 300 3 -311 -370 2 1
206 -201 -202 -282.09 -18 262 0 176 -78 1 1
207 208 211 0 405 105 1 -71 -361 1 2
208 -204 209 -620.557 -226 -199 3 -56 -115 3 1
209 210 -207 -593.786 450 -341 0 -94 -154 0 2
210 -205 -206 266.51 141 -269 3 492 -64 0 1
211 -208 212 0 -87 148 2 456 17 1 2
212 213 214 0 -362 208 1 420 -213 2 2
213 -209 -210 889.801 10 -173 2 -44 265 0 1
214 215 216 0 167 -394 3 185 257 2 1
215 -211 -212 873.932 -133 8 2 341 -233 2 2
216 -213 217 0 156 188 2 -137 -358 1 2
217 218 220 0 -63 186 1 448 135 3 1
218 219 -216 3699.61 304 -17 1 496 -60 2 2
219 -214 -215 -539.244 -229 -61 2 46 57 1 2
220 -217 221 -827.905 -424 361 0 377 164 1 1
221 222 223 0 -202 218 0 -458 -209 0 1
222 -218 -219 -890.496 19 -239 2 -278 34 3 2
223 224 227 0 -464 100 2 -408 -317 1 1
224 225 226 1020 -383 -331 3 -456 -35 2 1
225 -220 -221 0 277 -248 3 -380 -326 0 1
226 -222 -223 4080 -286 -201 2 -169 -343 2 2
227 -224 228 0 -41 292 2 -452 -214 3 1
228 -225 229 0 339 -79 3 151 -348 1 2
229 -226 230 0 -409 160 1 -183 255 1 2
230 231 240 0 451 357 3 -466 -136 2 1
231 232 -236 172.362 -474 128 1 -140 106 2 2
232 233 239 243.904 -493 183 1 452 -40 2 1
233 234 238 1862.8 -476 -177 2 5 277 3 2
234 235 237 0 369 -147 1 -88 -201 3 2
235 -227 236 160.156 -170 -139 1 -267 328 0 1
236 -228 -229 2130.99 -68 -80 3 109 -135 0 2
237 -230 -231 0 30 -220 0 -417 -189 1 1
238 -232 -233 1632.66 6 -150 1 -59 166 3 2
239 -234 -235 627.221 -262 19 1 -339 -156 3 1
240 241 248 0 24 237 0 -471 -24 1 2
241 242 -244 424.902 -408 67 1 -29 138 2 1
242 243 -243 -1346.44 462 208 0 -58 58 2 2
243 244 -242 -55.3927 14 145 1 -465 3 0 1
244 -237 245 296.029 -99 16 1 461 203 2 1
245 246 -241 2263.23 -47 37 1 232 -129 2 2
246 247 -240 3122.52 -269 -1 2 -270 260 2 2
247 -238 -239 -376.06 -15 -210 1 -446 81 1 1
248 249 250 0 -73 249 2 -436 -208 2 1
249 -245 -246 0 383 6 3 -455 101 1 2
250 251 257 0 262 -202 3 -423 207 1 1
251 -247 252 0 151 225 3 -466 173 1 2
252 -248 253 0 68 -193 1 -458 -26 1 2
253 254 -253 50.7945 -447 181 2 -388 -46 1 1
254 255 -252 736.411 -180 -36 1 381 240 0 2
255 -249 256 -781.622 -208 279 2 18 91 1 1
256 -250 -251 2827.99 -98 -77 2 -258 325 3 2
257 -254 258 0 -382 -159 2 392 -219 2 1
258 259 261 0 -344 -259 2 -385 -316 3 2
259 -255 260 0 -233 -352 1 -250 70 1 2
260 -256 -257 -2625.02 282 288 1 -57 -23 1 2
261 262 264 0 -361 -281 2 413 209 1 2
262 -258 263 -3638.86 107 -159 1 409 -148 0 2
263 -259 -260 3439.59 -25 -61 1 -196 -325 2 2
264 265 267 0 75 275 0 441 -192 2 1
265 -261 266 2028.72 439 -129 1 -72 -233 0 2
266 -262 -263 -3642.79 -285 173 0 308 -121 0 2
267 268 270 0 -461 124 1 443 -171 1 2
268 269 -266 1832.31 279 108 1 -333 -147 3 2
269 -264 -265 3543.93 173 -17 1 -475 -187 3 2
270 -267 271 0 13 -259 2 372 -251 2 1
271 272 279 0 353 -113 1 236 -287 2 2
272 -268 273 0 -196 -38 1 271 -225 1 1
273 -269 274 0 296 -353 0 93 -308 2 1
274 -270 275 -2363.98 277 -81 2 137 -237 1 2
275 276 -275 1776.42 260 -172 3 -367 276 0 2
276 -271 277 574.757 95 -188 0 163 -261 2 2
277 -272 278 -122.186 90 -164 3 -107 -214 0 1
278 -273 -274 -383.393 -127 183 2 175 101 1 1
279 280 288 0 130 -215 3 403 202 0 1
280 281 -284 -18.1418 132 -295 0 -64 69 3 1
281 282 283 0 -412 48 0 316 232 3 2
282 -276 -277 0 318 -362 3 271 241 1 2
283 284 -283 862 65 -51 2 110 -239 2 1
284 -278 285 -3529.17 -158 114 1 249 -51 1 2
285 -279 286 -3716.27 -356 45 2 353 -128 1 2
286 -280 287 -178.99 16 243 2 420 200 1 1
287 -281 -282 0 101 -283 0 415 -128 1 2
288 289 290 -2126.22 336 21 1 296 -250 1 2
289 -285 -286 -674.364 249 354 1 189 4 1 1
290 -287 291 0 -26 214 2 -395 -340 3 2
291 292 296 0 -281 262 3 -418 -224 3 2
292 -288 293 -2109.24 486 173 2 -404 -185 2 2
293 -289 294 -2544.75 294 -295 3 72 -83 2 2
294 -290 295 584.765 -322 -49 1 338 28 0 1
295 -291 -292 0 269 223 2 -428 45 2 1
296 297 298 0 477 104 3 -389 -323 2 1
297 -293 -294 3719.24 -363 -191 1 369 -51 2 2
298 -295 299 0 365 -217 1 -465 -48 0 1
299 -296 300 0 -20 -272 3 -288 243 2 1
300 301 302 0 -222 184 0 -359 237 1 1
301 -297 -298 0 137 181 1 -379 -28 2 1
302 303 304 0 -487 253 0 418 -181 3 2
303 -299 -300 3641.73 145 -177 3 -225 -93 2 2
304 -301 305 0 11 -289 1 -196 251 2 2
305 -302 306 0 253 304 1 -414 -306 2 1
306 307 308 0 347 124 2 408 -211 1 1
307 -303 -304 2021.69 246 62 2 -446 -54 2 2
308 -305 309 0 -143 -119 3 392 -211 1 1
309 310 311 0 -396 30 1 297 245 2 2
310 -306 -307 3775.26 140 -75 3 -181 251 2 2
311 -308 312 0 353 143 2 427 -158 1 1
312 -309 313 0 -261 0 1 -457 -193 2 2
313 314 316 0 223 310 3 440 40 0 2
314 -310 315 0 -108 -34 2 310 189 1 2
315 -311 -312 0 -169 -307 2 361 181 1 1
316 317 319 0 228 -41 1 123 249 1 2
317 318 -315 109.315 -186 122 0 -215 380 0 1
318 -313 -314 1691.78 219 36 1 328 325 1 2
319 320 321 0 283 266 0 249 247 1 2
320 -316 -317 0 -278 206 3 262 2 1 2
321 322 326 0 266 -169 0 395 -190 0 1
322 -318 323 714.047 99 62 2 424 -127 2 2
323 324 -322 590.95 151 -177 1 -5 -217 0 1
324 325 -321 -1048.36 135 143 0 -40 -102 3 2
325 -319 -320 256.862 -91 -50 2 -373 18 1 1
326 -323 327 0 -356 -159 2 -438 -202 3 2
327 328 329 0 -30 -339 0 -407 229 1 1
328 -324 -325 -217.314 13 -263 0 -275 -47 1 1
329 -326 330 0 286 258 2 154 254 2 2
330 331 341 0 -6 212 2 -437 -48 1 1
331 332 -337 3725.54 -441 -33 3 459 -162 1 2
332 -327 333 0 -97 -164 0 -353 -193 1 2
333 334 -336 830.237 50 -58 0 356 75 0 1
334 -328 335 -99.8412 87 45 2 -13 -199 2 2
335 -329 336 0 261 -250 1 -187 -196 2 2
336 337 -335 0 -354 -287 0 -18 -155 3 2
337 -330 338 -861.639 141 6 0 -274 -120 0 1
338 339 340 -384.76 42 74 1 -243 -187 1 1
339 -331 -332 409.94 -258 -75 2 149 -139 3 1
340 -333 -334 989.75 -396 -107 2 342 -202 2 2
341 -338 342 0 446 -167 2 431 -83 0 1
342 343 345 0 -77 342 3 365 240 0 2
343 -339 344 0 23 357 1 388 218 2 2
344 -340 -341 212.256 351 -47 1 -112 -58 0 2
345 -342 346 0 257 309 2 382 238 1 2
346 -343 347 0 -177 -263 0 133 -303 2 1
347 -344 348 0 286 -290 2 -199 247 0 1
348 349 352 0 -263 -52 1 -406 -251 1 1
349 350 -348 -584.277 302 -184 0 -378 55 1 2
350 -345 351 -2445.67 25 -149 2 -289 -211 3 2
351 -346 -347 0 216 -22 2 -273 80 1 1
352 -349 353 0 -47 -309 0 -152 252 2 2
353 -350 354 0 488 237 3 428 -99 2 1
354 -351 355 0 490 21 2 403 -92 0 2
355 -352 356 0 -40 317 2 402 -186 1 2
356 357 358 0 482 149 1 285 -274 2 2
357 -353 -354 -145.573 362 27 0 -98 51 2 1
358 359 361 0 -392 90 1 338 51 1 1
359 -355 360 0 61 -247 1 13 -256 2 2
360 -356 -357 0 -252 -151 1 215 237 0 2
361 362 365 0 -305 -168 0 -377 -320 1 2
362 -358 363 1020 -292 -194 3 251 -197 2 1
363 364 -361 -1020 -359 -338 3 0 -321 3 1
364 -359 -360 518.213 -95 -208 1 -13 189 3 1
365 366 369 0 -345 313 2 -418 -203 0 2
366 367 -365 -2401.42 236 86 0 -78 -89 1 2
367 368 -364 281.434 -304 -139 0 151 207 0 1
368 -362 -363 -808.292 435 279 2 -127 -199 3 1
369 370 371 0 -59 88 3 265 -249 3 1
370 -366 -367 -55.455 -81 -269 2 126 -141 3 1
371 -368 372 0 398 -203 0 219 -299 0 1
372 -369 373 0 -277 104 2 203 250 1 2
373 -370 374 0 -157 245 1 -393 231 2 2
374 375 376 -3309.23 -381 165 0 -325 97 0 2
375 -371 -372 4080 -303 -164 1 -262 -342 3 2
376 -373 377 0 -173 229 0 -91 246 2 1
377 -374 378 0 -387 322 2 324 -243 2 2
378 379 973 1020 27 -181 1 20 -193 2 1
379 380 381 0 472 -209 2 -413 210 2 2
380 -375 -376 -1137.69 179 277 1 -145 87 1 2
381 382 384 0 206 -87 1 120 -351 1 1
382 -377 383 476.202 -363 -138 1 175 -351 0 2
383 -378 -379 -849.433 155 -309 2 -76 -96 3 2
384 -380 385 0 155 194 2 328 223 0 2
385 386 394 0 255 -159 0 326 -162 0 2
386 387 -389 647.468 284 -153 3 -283 244 2 1
387 -381 388 0 -416 -329 1 -116 -221 1 2
388 -382 389 303.707 -151 46 2 409 164 2 1
389 -383 390 183.735 -78 -31 2 -362 75 2 1
390 391 -388 631.896 108 -196 2 373 294 1 1
391 -384 392 -633.483 -479 134 0 320 -134 0 1
392 393 -387 473.748 123 170 2 423 -144 2 1
393 -385 -386 -1701.95 403 85 1 291 -60 2 2
394 -390 395 0 -218 329 1 -356 237 2 2
395 396 398 0 -119 -245 2 231 -274 0 1
396 397 -393 0 300 -97 1 -148 -194 1 2
397 -391 -392 0 -212 58 2 246 -22 2 1
398 399 403 0 217 318 2 312 -212 2 1
399 -394 400 -3210.54 -449 47 1 320 137 3 2
400 -395 401 0 -46 -278 1 -144 149 0 2
401 -396 402 5.28877 -89 -186 1 -149 -149 1 1
402 -397 -398 -313.136 178 -162 2 -70 -81 1 1
403 404 417 0 354 -304 0 320 -186 0 1
404 405 -412 2978.79 95 160 1 -390 65 0 2
405 406 -411 -503 -461 -128 0 -115 77 1 2
406 407 408 0 -144 269 2 177 173 1 2
407 -399 -400 -3506.04 485 221 2 188 -82 1 2
408 409 -410 -1956.39 365 -31 1 317 -142 3 2
409 -401 410 1937.1 239 -72 1 -345 -238 2 2
410 -402 411 -3475.2 22 -314 1 319 -110 0 2
411 -403 412 -2514.39 18 136 2 -112 33 2 2
412 413 -409 922.489 111 -130 3 383 27 1 1
413 414 -408 852.685 -153 -182 2 -196 347 2 1
414 415 -407 3776.42 -92 -42 2 115 160 3 2
415 -404 416 -48.8375 340 192 1 -79 157 1 1
416 -405 -406 3502.21 -166 -56 1 280 315 1 2
417 418 424 0 -396 229 0 214 -254 1 2
418 -413 419 1530.05 -100 -27 2 294 46 2 2
419 -414 420 62.6382 -101 -190 0 -99 -215 1 2
420 -415 421 0 -283 345 1 -109 144 2 2
421 422 -419 467.292 182 -277 2 -373 285 2 1
422 -416 423 0 -316 52 3 185 -282 3 2
423 -417 -418 0 90 321 3 237 85 1 2
424 -420 425 0 479 285 2 -401 222 2 1
425 -421 426 0 341 -85 3 209 -295 0 1
426 -422 427 -3387.62 145 -7 0 -404 -73 3 2
427 428 429 0 138 -300 3 216 -248 1 1
428 -423 -424 -802.093 -226 127 2 -166 97 0 2
429 -425 430 0 -345 123 1 -399 158 2 2
430 -426 431 0 -441 -232 1 -148 247 0 1
431 -427 432 0 436 -173 2 277 232 2 1
432 433 437 0 -473 -2 3 -386 -301 2 1
433 434 436 -1020 124 -302 2 -297 -297 2 1
434 -428 435 -2904.96 -311 370 3 -99 -20 1 2
435 -429 -430 106.114 -79 -187 1 -303 -80 0 2
436 -431 -432 0 303 -165 1 -360 -329 1 1
437 438 444 0 -27 241 1 313 204 3 1
438 439 441 -2100.41 76 -197 2 176 -79 1 2
439 440 -435 3382.65 238 -4 3 156 -222 3 2
440 -433 -434 3478.7 -128 -118 2 458 -119 1 2
441 442 443 344.907 331 184 3 382 -327 3 2
442 -436 -437 -363.892 -442 -78 3 204 193 1 1
443 -438 -439 2135.35 175 207 1 -230 312 1 2
444 445 447 0 -295 85 1 -377 219 1 1
445 -440 446 0 278 224 2 116 65 1 2
446 -441 -442 0 -378 318 2 108 194 0 1
447 448 451 0 -497 218 3 -422 -195 3 2
448 449 450 -2328.28 -62 246 2 -155 -96 0 2
449 -443 -444 994.088 -75 -116 2 -51 200 2 2
450 -445 -446 449.273 70 -183 2 68 -300 3 2
451 452 456 0 -341 29 2 -377 212 3 1
452 -447 453 -1429.95 -78 -157 2 -310 -47 0 2
453 454 455 998.062 -358 -51 2 -442 -255 2 2
454 -448 -449 0 308 -65 1 116 150 2 2
455 -450 -451 540.321 -92 139 2 389 -74 1 1
456 -452 457 0 148 8 0 295 -219 2 1
457 -453 458 0 -186 255 0 147 -336 2 2
458 459 462 0 351 -248 0 -432 -176 2 2
459 460 461 964.321 -37 106 1 -184 237 2 2
460 -454 -455 -3465.28 -161 229 1 57 0 3 2
461 -456 -457 -565.894 78 -24 2 -73 -3 1 1
462 463 -969 298.669 323 102 0 -42 -95 0 1
463 464 465 0 -65 191 2 -411 -222 1 1
464 -458 -459 -447.666 414 300 0 -150 77 3 1
465 -460 466 0 195 -20 1 -398 -295 3 1
466 467 470 0 -327 234 2 270 -224 0 2
467 468 -464 0 454 -132 1 -211 30 2 1
468 -461 469 1654.32 258 -116 0 -276 254 1 2
469 -462 -463 -410.906 119 -245 2 221 -64 2 1
470 -465 471 0 399 196 2 -333 241 3 2
471 472 477 -599.149 65 273 1 330 -68 0 1
472 -466 473 -861 400 -155 2 -162 -55 2 1
473 -467 474 1346.08 239 33 0 304 -226 2 2
474 475 -471 0 -22 218 2 248 161 1 2
475 476 -470 3978.22 135 -5 0 -255 65 1 2
476 -468 -469 3506.07 151 -60 0 -256 -27 1 2
477 478 480 0 -295 -106 2 331 -147 1 2
478 -472 479 -840.853 -330 -319 1 311 6 0 1
479 -473 -474 -1432.98 32 -163 2 32 124 3 2
480 -475 481 0 376 -195 3 -408 209 2 2
481 482 483 0 -411 80 2 -423 -171 3 2
482 -476 -477 -949.928 81 -119 0 11 -54 3 1
483 -478 484 0 181 -327 3 -316 238 3 1
484 -479 485 0 -181 190 1 335 53 1 1
485 -480 486 0 389 -162 0 -292 240 2 2
486 487 488 0 389 177 1 -384 217 1 2
487 -481 -482 -72.3264 -158 -104 0 -252 200 2 1
488 -483 489 0 380 -151 3 333 38 2 2
489 490 491 0 42 -194 1 -188 244 1 2
490 -484 -485 -236.699 -399 334 1 23 161 0 1
491 -486 492 0 314 -179 2 331 6 1 1
492 493 494 0 281 50 3 203 -304 2 1
493 -487 -488 0 -397 335 1 113 -314 1 1
494 495 496 0 469 -314 1 -405 -200 0 1
495 -489 -490 -1226.21 -426 66 1 -152 31 2 2
496 -491 497 0 -383 -163 2 284 -211 1 2
497 498 967 977.302 -176 124 2 164 264 3 1
498 -492 499 0 93 -237 0 -155 -353 2 2
499 -493 500 0 -236 150 0 329 -38 2 2
500 501 512 0 256 23 2 9 -345 1 2
501 502 -505 -664.942 152 -142 2 27 -142 3 2
502 -494 503 -3502.79 -181 239 2 -228 -30 2 2
503 504 511 0 -302 151 3 45 -68 1 1
504 505 506 -3181.42 62 -109 0 -36 -74 2 2
505 -495 -496 180.658 51 -32 0 193 -67 3 1
506 -497 507 -1949.48 259 247 1 -14 -204 2 2
507 508 -502 739.731 -279 -73 1 254 384 3 1
508 -498 509 0 30 291 0 -327 40 2 1
509 510 -501 -379.772 152 -31 1 78 -46 1 1
510 -499 -500 -1287.53 185 2 2 81 38 3 2
511 -503 -504 -884.286 -246 191 2 39 -311 1 2
512 513 515 0 -56 -241 0 114 -330 3 1
513 -506 514 0 358 27 1 150 -215 2 2
514 -507 -508 800.334 -287 -85 2 -490 242 1 1
515 -509 516 0 250 225 1 252 -212 3 1
516 517 518 0 94 266 2 -432 -111 3 2
517 -510 -511 -1778.67 -188 29 1 -91 -26 3 2
518 -512 519 0 -446 -178 0 323 200 1 1
519 -513 520 0 208 348 2 -160 246 2 2
520 521 525 0 -142 -213 3 293 215 0 1
521 522 523 -777.205 489 26 1 228 22 2 1
522 -514 -515 -3640.29 -167 -365 2 35 -109 1 2
523 524 -518 561.824 182 -37 2 -228 -308 3 1
524 -516 -517 843.286 -64 -35 2 256 -275 3 2
525 526 527 0 -242 -291 1 -285 -330 2 2
526 -519 -520 -1708.26 342 -341 0 -249 11 1 2
527 528 530 0 251 -328 1 -423 171 2 2
528 -521 529 1518.24 -160 -86 1 480 222 1 2
529 -522 -523 0 228 273 1 -309 194 3 2
530 -524 531 0 -283 -179 1 -90 -338 2 2
531 532 534 0 481 -134 1 -427 -7 2 2
532 -525 533 0 474 221 3 -249 160 2 2
533 -526 -527 2255.57 -253 -30 1 378 -98 1 2
534 535 537 0 352 122 1 209 -251 2 1
535 536 -530 367.257 42 -277 1 -175 330 2 1
536 -528 -529 0 385 -264 2 47 -268 1 2
537 -531 538 0 -455 13 2 280 229 2 2
538 539 544 0 54 291 0 -408 -156 2 2
539 -532 540 -3751.11 -168 218 0 -371 -42 2 2
540 541 -537 3617.46 50 -157 1 297 22 2 2
541 -533 542 217.475 -211 -127 0 399 307 0 1
542 543 -536 351.668 -233 33 2 -204 99 0 1
543 -534 -535 -2209.8 91 204 1 -342 -122 2 2
544 -538 545 0 -128 181 1 266 -210 2 1
545 546 554 -3913.38 168 241 3 -294 21 3 2
546 547 553 3492.99 -20 -191 2 -124 21 2 2
547 548 -545 721.393 66 -124 1 -99 134 1 1
548 -539 549 -2595.87 -39 -207 2 21 -170 2 2
549 -540 550 0 -494 193 1 -125 164 2 1
550 -541 551 0 -249 292 2 -357 -238 2 2
551 552 -544 2430.84 -50 143 0 488 -176 3 2
552 -542 -543 796.495 -107 -117 3 115 370 2 1
553 -546 -547 0 -295 -230 2 -350 2 1 1
554 555 557 0 158 -51 1 -409 198 1 2
555 -548 556 -1909.41 367 165 2 15 145 0 2
556 -549 -550 670.387 -13 119 3 -152 -214 3 2
557 558 560 0 -299 162 2 33 244 1 2
558 -551 559 0 37 343 1 -163 136 3 2
559 -552 -553 -15.3154 363 -152 1 254 130 2 1
560 -554 561 0 451 23 2 326 -17 0 1
561 562 567 0 -314 -203 2 298 -190 3 1
562 -555 563 -3501.29 338 -34 2 308 -124 0 2
563 -556 564 0 -117 -352 2 -71 172 0 2
564 -557 565 1116.14 -135 -184 1 -76 217 2 2
565 566 -560 -570.616 -481 -41 3 267 93 2 1
566 -558 -559 -103.985 -37 214 1 309 77 2 1
567 -561 568 0 -391 60 1 -419 -42 1 1
568 -562 569 0 394 -267 2 -373 -331 2 2
569 570 572 0 5 188 1 -360 219 0 2
570 -563 571 168.334 -180 160 2 -244 -244 1 1
571 -564 -565 1910.01 49 54 2 -126 -236 1 2
572 573 -961 277.464 323 147 2 -164 -318 2 1
573 574 965 4069.1 46 27 1 -360 -67 2 2
574 575 576 0 -138 210 0 310 204 0 2
575 -566 -567 296.051 198 -156 0 291 129 0 2
576 577 578 0 443 -251 3 -402 -262 2 2
577 -568 -569 1705.32 -55 11 2 -20 157 1 2
578 579 -957 520.233 265 -196 2 -483 -106 2 1
579 580 607 0 430 -146 2 275 -173 2 2
580 581 -597 917.669 -73 -152 1 457 309 3 1
581 582 -596 112.102 -65 -204 2 370 158 2 1
582 -570 583 0 297 -131 3 312 47 2 2
583 584 -595 114.662 -73 84 0 -140 -25 0 1
584 585 -594 917.365 -82 -176 1 294 262 1 1
585 586 587 -800.92 -354 34 2 118 -188 2 1
586 -571 -572 -3246.03 489 -234 1 268 154 1 2
587 588 589 -3524.06 306 184 2 -104 -109 1 2
588 -573 -574 1310.76 -128 76 3 -28 -300 0 2
589 590 591 0 -340 -22 1 316 171 0 2
590 -575 -576 -2220.74 278 200 1 302 114 2 2
591 592 593 0 -418 -256 1 -211 179 2 2
592 -577 -578 -735.436 -186 206 1 281 147 2 1
593 594 -593 355.954 90 -199 1 -354 -87 0 1
594 595 606 -515.309 -21 361 3 18 -40 2 2
595 596 598 -886 -294 -228 0 -28 -124 0 1
596 -579 597 -733.809 149 106 3 209 -144 1 1
597 -580 -581 -2142.24 401 259 3 58 136 2 2
598 -582 599 0 -275 -117 1 145 180 2 1
599 600 601 -1275.97 46 105 0 257 107 1 2
600 -583 -584 63.1036 -200 -51 3 106 0 1 1
601 602 -590 785 -25 -161 2 281 -4 2 1
602 603 604 1355.55 77 -156 2 349 -121 2 2
603 -585 -586 226.041 21 50 0 -300 -241 1 1
604 605 -589 -2301.83 58 277 2 -188 42 1 2
605 -587 -588 -2229.79 459 -116 3 278 -29 0 2
606 -591 -592 1562.52 306 -19 2 65 21 3 2
607 608 -956 641.089 209 -199 2 209 112 0 2
608 609 612 0 -359 -308 2 234 236 2 1
609 -598 610 -519.05 -270 -331 1 33 -2 1 1
610 611 -601 0 -385 332 1 245 202 3 1
611 -599 -600 602.681 2 -100 1 -367 193 3 1
612 613 962 871.158 242 89 0 117 249 2 1
613 614 953 565.271 298 48 1 -211 205 2 1
614 615 622 0 299 79 3 311 163 1 2
615 -602 616 -2588.16 -395 314 3 -60 -95 2 2
616 -603 617 -622.16 366 120 2 136 96 1 1
617 -604 618 -464.12 -256 -306 0 155 107 2 1
618 -605 619 -314.148 154 124 2 266 -146 0 1
619 -606 620 -198.465 210 60 1 -56 -113 1 1
620 621 -609 2136.81 244 7 2 -211 221 2 2
621 -607 -608 -577.264 337 120 1 -58 132 3 1
622 623 624 0 222 -155 1 -178 -342 0 1
623 -610 -611 0 -377 -265 2 -331 -230 2 2
624 -612 625 0 -393 -146 1 -398 -258 3 2
625 -613 626 0 342 -268 1 -397 -263 2 1
626 -614 627 0 -160 -233 1 -199 -336 1 2
627 -615 628 0 294 -93 3 -380 209 3 1
628 629 632 0 151 163 3 312 -150 1 2
629 630 -619 539.965 264 122 2 -417 -155 1 1
630 -616 631 1090.25 67 94 3 -378 280 0 2
631 -617 -618 451.578 -57 125 1 59 -268 1 1
632 633 -941 2511.79 265 218 2 -115 248 0 2
633 -620 634 0 -497 -177 3 -379 204 2 1
634 -621 635 0 223 -104 3 -414 -83 0 1
635 -622 636 0 290 -300 3 -184 -341 2 2
636 637 -940 3048.78 261 38 1 291 -246 3 2
637 -623 638 -4079.59 221 -283 3 193 -8 1 2
638 639 640 0 141 309 2 -187 241 3 2
639 -624 -625 647.183 184 123 1 389 14 1 1
640 641 643 0 160 -39 3 183 -293 2 1
641 -626 642 4074.96 -265 -158 2 -22 368 3 2
642 -627 -628 131.676 -67 -141 0 357 -232 2 1
643 -629 644 -2019.91 367 51 2 -371 144 2 2
644 -630 645 0 -480 252 1 240 235 3 1
645 -631 646 0 -413 46 1 68 -338 1 2
646 -632 647 0 -498 64 1 -412 31 1 2
647 648 653 0 265 129 1 -395 187 0 2
648 649 -638 328.729 -406 79 2 390 104 3 1
649 650 -637 3110.72 94 65 1 353 -138 2 2
650 651 -636 -582.747 395 66 1 -216 48 1 1
651 -633 652 -26.3897 86 249 1 103 194 2 1
652 -634 -635 937.427 38 120 3 486 324 1 2
653 654 662 -613.898 -122 -241 2 -371 155 3 2
654 -639 655 -3715.13 -414 -262 1 4 -123 3 2
655 -640 656 -3128.43 155 -90 2 81 75 2 2
656 -641 657 0 -467 69 3 -141 224 3 1
657 -642 658 -3187.97 276 113 2 105 -14 3 2
658 -643 659 -757.986 -58 14 2 -134 -122 2 1
659 660 661 2053.17 -284 179 1 154 256 0 2
660 -644 -645 -3567.94 95 -152 1 101 25 3 2
661 -646 -647 566.69 -32 -72 2 -366 -284 2 2
662 663 667 0 102 -199 2 189 -268 1 2
663 664 -652 0 -318 39 1 -148 92 2 1
664 665 666 -939.118 -162 320 2 124 -25 1 1
665 -648 -649 -249.347 -62 92 1 -194 -47 1 2
666 -650 -651 747.549 204 120 2 269 -42 3 2
667 -653 668 0 173 58 3 124 -333 2 2
668 669 670 0 -249 6 0 -385 135 1 1
669 -654 -655 363.85 -396 -100 3 132 181 3 2
670 671 676 0 -493 -316 2 302 -110 2 2
671 -656 672 0 339 198 1 115 206 3 2
672 673 -661 3550 -5 49 0 -218 -214 1 2
673 -657 674 -275.685 259 -58 2 -158 -104 1 1
674 -658 675 267.25 -136 -3 0 -342 -113 3 1
675 -659 -660 954.579 -49 22 1 -262 -32 0 1
676 677 682 -632.602 17 -142 0 48 -207 2 1
677 -662 678 0 -440 -97 2 -360 81 2 1
678 679 -667 601.257 -370 -48 3 -19 -68 3 1
679 -663 680 150.957 -292 -129 0 -288 -358 2 1
680 -664 681 0 -138 63 1 -140 -328 1 1
681 -665 -666 -277.749 159 223 3 -127 -179 3 2
682 -668 683 0 483 -74 0 -77 241 0 1
683 -669 684 -3850.88 -483 61 1 -298 72 1 2
684 685 703 0 205 263 1 -352 -294 2 1
685 -670 686 115.085 -70 -88 3 -482 207 0 1
686 -671 687 -4080 239 -361 3 118 -175 1 2
687 -672 688 0 -48 389 0 88 58 2 1
688 -673 689 1138.57 -281 -122 2 380 -130 1 2
689 -674 690 0 -382 88 0 -390 -97 2 2
690 691 702 1838.97 -133 -210 2 -167 -137 1 2
691 -675 692 -1344.21 -352 -322 1 -375 0 2 2
692 693 -686 -1722.26 -197 142 1 -322 -209 3 2
693 694 701 -269.468 308 278 2 -182 -46 0 2
694 -676 695 -1147.77 19 -397 2 -311 97 0 2
695 -677 696 -3817.89 -33 -333 1 -65 -82 1 2
696 697 -683 1404.66 -299 79 3 289 211 0 2
697 -678 698 -603.876 272 -286 0 -240 -41 1 1
698 699 -682 -439.356 -308 113 3 -332 -293 2 1
699 700 -681 491.44 13 -120 2 178 -257 3 1
700 -679 -680 -39.9926 98 -230 2 43 95 2 2
701 -684 -685 438.525 -304 20 1 185 76 2 1
702 -687 -688 -1771.29 99 240 2 -163 -174 0 2
703 -689 704 0 -29 363 2 -211 240 1 2
704 705 707 0 252 -210 0 298 -105 0 1
705 706 -692 2889.23 -16 43 1 -363 -9 2 2
706 -690 -691 -2808.75 -325 -10 1 -84 8 1 2
707 708 -939 4080 201 72 1 -33 -228 1 2
708 709 711 0 -498 234 2 286 157 1 2
709 -693 710 -152.829 -467 186 0 43 -35 2 1
710 -694 -695 -203.432 -49 -66 2 -132 76 3 2
711 712 713 16.2183 -52 -49 1 -485 55 3 2
712 -696 -697 511.191 179 -134 1 -269 271 2 1
713 -698 714 0 306 -100 2 -386 180 1 2
714 -699 715 0 453 -65 1 -399 147 1 2
715 716 719 0 492 299 1 290 75 1 2
716 717 718 0 -2 204 1 -116 134 2 2
717 -700 -701 4055.79 133 -125 1 431 -251 0 2
718 -702 -703 -878.783 323 215 2 -94 90 1 2
719 -704 720 0 -57 -238 1 287 -119 1 1
720 -705 721 0 -497 -120 2 284 -15 3 1
721 722 726 0 312 219 2 277 196 1 2
722 723 724 0 435 -316 1 5 -156 0 2
723 -706 -707 844.423 51 -37 0 198 -338 2 1
724 -708 725 -734.902 92 -272 0 -124 -100 2 1
725 -709 -710 732.563 -198 20 3 -153 -314 1 2
726 727 728 0 -195 217 2 -327 -332 2 2
727 -711 -712 379 -13 56 1 144 -208 2 1
728 729 730 0 -384 196 1 -379 174 2 2
729 -713 -714 -72.4204 -70 -187 3 -167 184 3 1
730 -715 731 0 -256 303 0 -214 -337 2 2
731 732 745 0 215 299 2 -278 -309 1 2
732 733 734 -3521.91 -28 -40 2 -21 -63 0 2
733 -716 -717 -306.921 -320 -193 3 65 64 2 2
734 735 740 -285.942 -79 342 2 89 -308 1 1
735 -718 736 -593.917 -136 -223 3 39 -297 1 1
736 -719 737 0 140 -323 2 -346 -77 2 1
737 -720 738 -643.798 139 -325 1 -239 -115 0 1
738 -721 739 993.357 -24 -82 1 148 -347 3 2
739 -722 -723 -986.134 -323 -85 3 -250 -297 1 1
740 -724 741 -352.268 36 -237 2 -204 -298 1 2
741 742 743 0 -364 -56 3 84 -96 2 2
742 -725 -726 310.576 -246 3 1 -12 -389 2 1
743 -727 744 -509.103 274 315 2 -54 -142 2 1
744 -728 -729 103.076 -64 -35 0 -68 149 1 1
745 -730 746 0 -107 -266 1 -153 -308 3 1
746 747 -938 4078.94 131 47 3 363 44 3 2
747 748 753 -4010.1 277 350 0 -164 31 2 2
748 749 750 -4080 450 113 1 166 -179 3 2
749 -731 -732 142.897 -100 -41 1 -162 292 1 1
750 -733 751 1020 24 -185 3 -325 -253 2 1
751 -734 752 -176.189 -440 280 1 151 -181 3 2
752 -735 -736 621.197 -169 -53 1 62 237 1 2
753 754 763 -3387.8 127 226 2 206 -31 1 2
754 -737 755 0 372 44 3 -244 -175 2 2
755 -738 756 -911.205 27 -264 1 163 -84 0 1
756 -739 757 611.472 -211 -106 2 -301 49 3 1
757 -740 758 0 -68 246 3 50 -173 3 2
758 759 -746 -847.93 252 -210 3 -132 103 3 2
759 -741 760 -2121.99 180 172 0 -134 -48 1 2
760 -742 761 -1034.73 -99 293 2 274 49 3 2
761 762 -745 -90.1683 -404 273 1 -94 41 3 1
762 -743 -744 718.486 -174 -163 1 -348 -229 0 1
763 764 765 0 -391 -58 3 193 -274 3 2
764 -747 -748 153.946 -92 -151 1 -498 73 3 1
765 -749 766 0 -150 -278 3 256 -200 1 1
766 767 768 0 -124 -279 2 146 -311 0 2
767 -750 -751 0 288 306 0 170 -120 0 2
768 -752 769 0 -155 -271 0 -160 -323 0 1
769 770 -937 191.399 233 -42 0 4 37 2 1
770 771 778 0 -392 -34 3 261 199 1 1
771 772 774 -1735.47 404 -139 3 16 222 1 2
772 773 -755 1191.23 13 212 0 4 -36 2 2
773 -753 -754 1745.84 142 155 2 -227 -330 2 2
774 775 -760 743.335 -150 106 1 82 134 0 2
775 -756 776 -3129.39 176 -174 3 -90 -125 0 2
776 777 -759 1379.27 -111 21 2 -105 -101 3 2
777 -757 -758 2115.67 -117 32 2 -115 -238 3 2
778 779 780 0 -304 -256 2 -122 -318 2 1
779 -761 -762 -2758.39 319 244 2 9 -43 2 2
780 -763 781 0 110 -262 2 -136 -315 0 2
781 -764 782 0 338 -210 1 238 -225 2 2
782 783 786 0 -299 -273 0 -315 -296 0 1
783 -765 784 98.9176 63 -168 2 89 17 2 1
784 785 -768 510.588 -73 -162 2 146 145 3 1
785 -766 -767 0 -284 338 1 -332 -152 2 2
786 -769 787 0 69 -170 1 276 -152 3 2
787 788 793 -2344.75 -68 -287 3 -286 171 2 2
788 789 791 263.982 186 51 1 246 -47 0 2
789 -770 790 -3463.37 -324 62 3 -161 60 3 2
790 -771 -772 0 420 -104 0 169 -166 1 2
791 792 -775 -260.058 64 -127 2 197 -58 2 2
792 -773 -774 1379.36 -294 -13 1 367 17 3 2
793 794 800 -160.603 -303 363 0 236 184 0 1
794 795 796 0 -239 -177 2 122 -179 2 2
795 -776 -777 -1446.02 258 -149 0 222 -195 2 2
796 797 798 -1079.15 185 -112 2 -156 28 1 2
797 -778 -779 -577.441 -430 325 3 -20 59 3 1
798 799 -782 2732.6 -184 54 0 318 289 0 2
799 -780 -781 72 -1 110 1 -402 -184 2 1
800 801 804 0 -314 0 3 -367 147 1 2
801 -783 802 0 -489 274 1 -391 -82 0 2
802 803 -786 389.796 -290 84 3 227 -92 2 1
803 -784 -785 -2692.53 11 -250 1 -373 -29 3 2
804 805 806 0 69 -226 1 254 -174 2 1
805 -787 -788 682.328 -120 -170 1 -307 -26 1 1
806 807 808 0 -79 247 0 272 83 0 1
807 -789 -790 -1735.26 -272 -314 2 -167 -47 3 2
808 -791 809 0 -443 -165 2 247 223 0 1
809 810 811 0 -395 315 3 239 -202 3 1
810 -792 -793 682.447 181 53 1 100 -236 1 1
811 812 814 -4035.14 -82 -385 2 160 17 1 2
812 -794 813 311.954 179 -39 2 397 229 0 2
813 -795 -796 -1875.71 -339 -325 1 77 -154 3 2
814 815 952 301.321 -388 95 2 -72 -183 0 1
815 816 817 0 295 236 2 -250 -311 1 1
816 -797 -798 3018.29 -75 -123 2 305 344 1 2
817 818 820 0 -205 -395 1 263 -151 1 1
818 819 -801 -217.852 406 53 1 -222 92 2 1
819 -799 -800 -398.682 162 233 2 -124 133 2 1
820 -802 821 0 -458 125 2 -372 185 2 2
821 822 839 0 291 -219 1 -364 -241 2 2
822 823 824 0 -242 156 2 16 150 3 1
823 -803 -804 -369.576 -366 -139 2 -99 100 1 2
824 -805 825 162.121 -252 -83 0 -48 331 1 1
825 826 -820 -332.699 68 331 2 -108 -82 2 2
826 -806 827 0 166 -108 2 -392 147 2 2
827 828 838 1277.62 -132 134 2 -266 344 1 2
828 829 832 -3548.42 61 362 2 -337 -78 1 2
829 -807 830 45.3555 106 21 0 -444 -260 0 1
830 -808 831 -525.856 84 250 1 -73 3 0 1
831 -809 -810 -3772.18 -190 -92 2 -60 -230 2 2
832 -811 833 645.449 -273 -115 0 436 -159 2 2
833 -812 834 -293.653 207 -92 2 47 15 2 2
834 835 837 1709.91 -97 -255 1 397 -379 3 2
835 -813 836 -2134.53 70 214 1 22 -182 2 2
836 -814 -815 1690.14 -292 -177 2 321 -154 0 2
837 -816 -817 -520.275 -221 360 1 -190 105 1 2
838 -818 -819 262.545 15 -91 1 52 28 2 1
839 840 845 -2219.54 -139 -111 1 -174 -265 1 2
840 841 -826 0 356 192 3 59 -179 2 2
841 842 -825 482.73 97 -123 1 -143 22 3 1
842 -821 843 0 -416 44 2 -355 -287 1 1
843 -822 844 0 196 83 3 30 122 3 1
844 -823 -824 -3964.29 82 214 2 127 32 3 2
845 -827 846 0 239 223 1 132 -312 2 2
846 -828 847 0 385 298 3 -402 131 1 1
847 848 951 648.036 -354 57 1 0 -223 0 1
848 849 850 0 145 374 2 245 -176 1 2
849 -829 -830 3101.44 -65 -145 3 49 -239 2 2
850 -831 851 0 -295 220 1 -382 161 2 2
851 852 855 0 -197 345 0 -373 148 2 2
852 853 854 1951.46 -61 25 1 386 -220 3 2
853 -832 -833 1846.14 -381 -92 3 104 -310 2 2
854 -834 -835 -290.892 -469 280 2 -91 101 2 1
855 856 857 0 -283 -167 0 -389 -81 1 1
856 -836 -837 1748.78 30 -69 2 353 -82 0 2
857 -838 858 0 -182 223 1 -159 238 2 1
858 -839 859 0 91 203 1 -347 -278 1 1
859 860 863 0 -225 325 1 107 -308 0 2
860 861 -843 887.096 68 -85 1 316 196 0 1
861 -840 862 0 252 -16 0 -255 73 1 2
862 -841 -842 -346.831 196 173 1 -239 -170 0 1
863 864 865 -3377.24 -36 -277 2 -30 141 3 2
864 -844 -845 -3270.19 200 226 0 -69 -141 0 2
865 -846 866 0 -1 -224 1 168 -246 2 2
866 867 874 -2665.94 -33 240 2 -209 -266 0 2
867 -847 868 0 -133 -331 1 -338 7 1 1
868 869 -854 0 -179 368 1 -305 -9 2 1
869 870 871 0 368 -56 1 182 89 0 1
870 -848 -849 0 -362 301 3 -302 -276 0 2
871 -850 872 1020 -195 -271 2 -489 42 2 1
872 873 -853 -329.35 496 354 1 -312 65 1 2
873 -851 -852 2572.03 143 -43 2 316 -63 1 2
874 -855 875 0 -332 -219 0 -361 -233 2 2
875 876 877 0 373 -86 1 -340 -274 1 2
876 -856 -857 -302.325 211 18 2 -342 21 3 1
877 878 879 -43.0104 -138 -131 2 -388 50 1 1
878 -858 -859 158.873 83 22 0 -382 41 1 1
879 880 887 -905.352 36 -287 1 -219 -258 0 1
880 881 882 0 448 119 2 -340 -28 1 1
881 -860 -861 -209.513 145 -113 1 -349 -238 2 1
882 -862 883 -2371.99 -461 -25 0 61 -87 0 2
883 884 886 -251.41 130 345 1 56 74 1 1
884 -863 885 465.632 -102 107 1 -88 129 1 1
885 -864 -865 -4056.65 -404 238 2 -295 -133 3 2
886 -866 -867 -273.999 10 64 0 10 -31 1 1
887 -868 888 0 238 -246 1 189 -277 0 1
888 -869 889 -560.514 -60 -266 0 -287 210 1 1
889 890 947 2453.72 -321 -260 0 206 -60 1 2
890 891 946 2356.92 -196 172 0 -346 -248 0 2
891 892 894 0 -452 -309 2 -291 -287 3 2
892 893 -872 -454.257 21 -136 2 -152 -183 3 2
893 -870 -871 66.7422 -318 51 0 98 107 2 1
894 895 896 0 -108 328 2 174 -289 1 2
895 -873 -874 -1220 -28 58 0 -150 -243 1 2
896 897 944 797.527 133 203 1 300 -107 3 1
897 898 899 0 442 -23 2 255 -162 3 1
898 -875 -876 -1988.52 -137 -201 1 -134 -135 2 2
899 900 902 0 -494 -142 0 -258 -300 1 1
900 901 -879 0 -61 246 2 126 -135 1 1
901 -877 -878 597.575 132 -6 1 44 310 2 1
902 -880 903 0 432 160 2 -301 -275 0 2
903 904 942 1742.83 244 -79 3 -212 -7 2 2
904 -881 905 0 -259 330 2 158 -301 3 1
905 906 907 0 -229 -241 1 189 -249 1 2
906 -882 -883 -327.726 156 -229 2 78 -32 1 1
907 908 936 943.797 164 -201 0 364 -208 2 1
908 909 914 0 168 -376 0 95 -290 1 2
909 -884 910 1602.47 121 -221 0 123 -392 3 2
910 911 -889 1267.64 -48 -104 0 -139 256 1 2
911 -885 912 0 -389 -177 2 -268 14 3 1
912 -886 913 -1179.77 148 -343 2 -25 18 1 2
913 -887 -888 -473.72 4 252 1 -99 -274 3 1
914 -890 915 0 -311 -198 1 261 170 0 1
915 916 920 0 193 125 3 -366 -221 1 1
916 -891 917 123.269 -130 -166 3 456 -161 1 1
917 -892 918 -1435.36 -276 29 3 -109 -99 1 2
918 -893 919 0 -247 -320 3 131 -162 2 1
919 -894 -895 2453.85 -128 98 2 -55 -318 2 2
920 921 922 0 295 -351 1 -293 -253 2 1
921 -896 -897 0 -197 256 1 101 -273 1 2
922 923 928 0 -141 -374 1 138 -282 1 2
923 -898 924 -133.838 216 -34 0 -251 -97 1 1
924 925 926 0 385 -366 1 172 76 1 1
925 -899 -900 1555.62 -219 -195 1 -290 -236 1 2
926 927 -903 435.768 88 93 1 -338 149 1 1
927 -901 -902 0 -359 214 1 -245 -136 2 1
928 929 932 0 162 332 0 -270 -264 1 2
929 930 -907 -761.875 114 -341 2 48 103 1 2
930 931 -906 -544.566 -384 7 1 -177 -243 1 1
931 -904 -905 425.49 92 -199 3 -86 266 1 1
932 -908 933 0 326 -295 3 249 -167 1 2
933 -909 934 0 -392 188 0 -392 136 2 1
934 935 -912 -2548.53 -427 179 3 -325 146 2 2
935 -910 -911 0 -492 227 0 -343 104 1 2
936 937 939 1784.03 14 30 0 -413 -225 2 2
937 938 -915 297.948 -48 134 0 -432 125 1 1
938 -913 -914 0 -391 161 1 -9 -246 1 2
939 940 -919 -550.266 403 -225 1 -111 83 2 2
940 -916 941 2216.57 19 113 1 -454 -240 2 2
941 -917 -918 1457.48 -35 29 3 36 314 2 2
942 -920 943 34.727 -141 157 1 328 -148 2 1
943 -921 -922 690.117 21 -69 1 365 -153 2 2
944 945 -925 0 405 16 0 -79 -146 1 1
945 -923 -924 3541.5 -77 -70 0 321 56 0 2
946 -926 -927 0 179 214 2 -138 199 2 2
947 -928 948 0 349 -19 2 -358 -145 2 2
948 -929 949 0 65 301 0 -354 124 3 2
949 -930 950 213.74 -192 26 1 242 -138 0 1
950 -931 -932 0 91 336 0 -348 -251 2 1
951 -933 -934 -871.193 97 -305 2 -197 112 2 1
952 -935 -936 68.1364 -395 67 1 -456 -71 3 1
953 954 -951 3414 -133 -68 1 -393 316 1 2
954 955 956 791.575 159 -51 0 444 132 2 2
955 -942 -943 1745.01 104 7 2 -37 -84 0 2
956 957 -950 3780.51 126 -112 2 482 228 2 2
957 -944 958 0 -220 -293 1 233 204 0 1
958 959 961 -98.5216 434 217 3 262 -142 1 1
959 960 -947 -1080.11 410 -302 1 159 111 1 2
960 -945 -946 301.369 66 134 2 -120 87 1 2
961 -948 -949 0 252 -294 0 310 52 2 1
962 -952 963 0 392 -3 1 232 -202 2 2
963 -953 964 -400.256 389 -90 0 189 213 1 1
964 -954 -955 -932.133 -256 -368 2 -138 -187 1 2
965 -958 966 568.659 71 -63 0 133 -331 2 1
966 -959 -960 -286.403 -26 -380 2 -300 105 2 2
967 -962 968 -767.419 -29 -33 2 161 114 1 1
968 -963 969 -993.649 136 -161 2 80 -90 0 1
969 -964 970 -3844.55 387 -69 3 -30 13 0 2
970 -965 971 -722.16 189 88 3 -14 4 2 1
971 972 -968 876.92 26 -132 0 415 -21 2 1
972 -966 -967 0 -389 235 0 -319 78 1 1
973 974 -973 0 -377 255 3 151 -117 1 1
974 -970 975 621.432 39 158 0 488 107 2 1
975 -971 -972 0 -348 216 1 -329 6 1 2
976 -974 -975 351.64 -333 81 0 447 184 0 1
977 -976 -977 112.183 -24 135 1 -385 -220 2 1
978 -978 -979 0 -4 236 2 -310 -29 1 1
980
0 182.5 -43.1667 
1 184.87 -35.6957 
2 51.2143 141.857 
3 -121 59.2778 
4 209.5 58.2857 
5 -229.5 -56 
6 -218.5 -56 
7 245.5 -23.5 
8 245.5 -13.5 
9 -223.526 -44.359 
10 -232.1 -50 
11 -225.974 84.9474 
12 138.5 -69.6667 
13 65.7222 157.444 
14 26.3333 111.167 
15 7.7963 89.1481 
16 21.7292 94.7083 
17 104.5 141.4 
18 107.152 157.261 
19 105.9 149.2 
20 -141.818 47.0455 
21 -130.891 49.3727 
22 27.1667 -105.667 
23 153.5 -67 
24 160.42 -46.02 
25 170.44 -39.3731 
26 39.6818 94.2727 
27 -190.643 -148.571 
28 74.8846 159.154 
29 82.7727 158.818 
30 97.7857 159.143 
31 89.9 158.8 
32 246.5 3.1 
33 246.5 -4.78571 
34 -210.5 -54 
35 -210.5 -43 
36 63.5 141 
37 72.1667 141.4 
38 57.5 138.077 
39 15.1471 -107.471 
40 84.3571 152.857 
41 124.5 -71 
42 158.074 -70.7778 
43 157.273 -62.8182 
44 -223.136 -14.0909 
45 -109.429 51.9286 
46 -225.5 -36 
47 48.2308 132.423 
48 50.5 123 
49 38.3889 122.778 
50 241.077 29.4615 
51 86.7727 155 
52 77.2333 150.2 
53 86.3 147.8 
54 67.2895 150.158 
55 93.0385 150.538 
56 99.5 150 
57 -5.16667 75.6667 
58 59.6818 149.727 
59 85.3165 138.248 
60 243 23 
61 235.647 26.4118 
62 61.25 127.625 
63 56.6132 110.981 
64 65.3 127.4 
65 59.8333 120.333 
66 37.5 111 
67 36.8077 97.6923 
68 -241.618 10.7941 
69 235.5 -21.5 
70 214.182 -11.1818 
71 217.768 -21.0152 
72 -228.5 -33 
73 95.0385 128.154 
74 -234.5 -16.4286 
75 91.1 106.4 
76 93.25 117.75 
77 80.5 127 
78 72.5 127 
79 86.5 127 
80 78.5 115 
81 225.92 35.08 
82 223 45.4 
83 -234.5 69 
84 78.5 106 
85 246.5 32.5 
86 246.7 25.1 
87 246.5 41.5 
88 246.1 18.5 
89 246.654 10.8846 
90 150 -72.6 
91 150 -64.7143 
92 232.978 27.0662 
93 176.409 8.72727 
94 183.029 8.11765 
95 190.269 5.53846 
96 242.5 0.5 
97 51.5 97 
98 235.736 8.75758 
99 234.227 -10.2273 
100 235.167 36.0641 
101 235.553 43.1842 
102 191.771 -24.6571 
103 201.975 -23.1 
104 -213.833 -33.6667 
105 221.809 -1.51471 
106 211.25 -8.75 
107 216 52 
108 83.2872 97.1702 
109 70.5769 98.2308 
110 -39 71.6667 
111 -12.5784 62.4902 
112 227.929 12.75 
113 -204.3 -48.4 
114 -204.682 -55.2727 
115 81.1364 78.8182 
116 82.7 86.6 
117 67.625 100.375 
118 216 47 
119 211 -15 
120 202.5 -19.5 
121 -229.5 -27 
122 -229.5 -18 
123 66.4 94.7 
124 -59.9 -171.5 
125 -107.143 45.5 
126 -118.8 45.5 
127 -229.5 77 
128 -229.5 68 
129 -191.5 -52 
130 -214.929 72.2 
131 -206.962 76.7692 
132 -209.773 82.1818 
133 -222.682 79.4545 
134 204.947 51.2105 
135 201 60 
136 203 4 
137 212 4 
138 224.167 22.3333 
139 216.174 38.3043 
140 205.474 20.7895 
141 196.318 32.7727 
142 218.706 15.6471 
143 221.273 10.8182 
144 211.307 34.4671 
145 208.5 11.5 
146 202 12 
147 202.6 35.8 
148 203.429 41.6667 
149 -54.7143 -157.643 
150 147.2 -63.4 
151 154.833 -56.6667 
152 223.367 15.2667 
153 10.7281 74.4912 
154 0.642857 66.5714 
155 -177.5 -48 
156 -177.5 -55 
157 216.3 -11.2 
158 204.575 -11.3219 
159 -195.695 74.6494 
160 -185.5 75 
161 145.167 12.5667 
162 153.227 11.6818 
163 216.5 21.5 
164 216.647 7.27941 
165 71.3909 83.8727 
166 61.8333 81.5 
167 53.2059 84.4412 
168 38.14 86.68 
169 211 3.66667 
170 73.3667 -91.2667 
171 64.0455 -92.1818 
172 53.5 -92 
173 28.5 -92 
174 37.5 -92 
175 45.5 -92 
176 -229.105 12.1961 
177 -224.033 1.1 
178 25.5 75.4 
179 32.4302 79.8372 
180 168 69 
181 -177.179 -142.698 
182 -138 -175.3 
183 -150.261 -164.693 
184 -143.2 -174.9 
185 -138.6 -165.1 
186 -140.2 -160.3 
187 -158 -161.5 
188 44.378 72.0732 
189 34.2826 68.6522 
190 25.5 68 
191 53.0556 68.7778 
192 75.5 67.625 
193 206.595 -4.19048 
194 59.5 70 
195 206.682 6.77273 
196 206.3 -0.1 
197 -131 -173.5 
198 157.875 -49.4583 
199 70.5 74 
200 -91.4706 45.4412 
201 -73 -175.5 
202 -86 -175.5 
203 -74.1927 -150.589 
204 -97.9286 -172.786 
205 -123 -169.5 
206 -108.875 -170.625 
207 -98.6667 -164.667 
208 207.269 16.8077 
209 186.706 -30.6471 
210 178 -29 
211 72.2273 69.1818 
212 65.3 68.6 
213 -114 -161.5 
214 200.763 -0.210526 
215 200.5 10.5 
216 200.5 22.5 
217 193.52 -2.28 
218 -203.574 -34.8148 
219 -198.5 -42 
220 -167 -131.5 
221 -167.294 -124.324 
222 -165 -149.1 
223 -166.667 -139.167 
224 -190.5 -39 
225 -99 -155.5 
226 7.5 63 
227 -221.773 -26.1818 
228 -214.1 -25.8 
229 -206.333 -24 
230 -211.773 -13.6364 
231 -217.682 18.3868 
232 -230.9 -1.8 
233 -224.1 -1.8 
234 -232.5 34.7273 
235 -232.5 41.6 
236 -218.389 -19.2222 
237 -219.409 49.2727 
238 -219.336 53.9273 
239 -227.5 62.6667 
240 -230.318 57.6364 
241 -230.833 48.6667 
242 -212.346 63.2308 
243 -208.864 49.2727 
244 -210.643 58.2857 
245 -193.9 -29.2 
246 -179.967 -37.4 
247 -203.5 60 
248 -197.5 60 
249 -179.3 75.8667 
250 -171.911 66.0155 
251 -162.875 78.375 
252 -174.833 78.3333 
253 -188.065 59.8261 
254 151.614 -43.3207 
255 -190.438 -117.438 
256 -190.654 -129.231 
257 -190.278 -139.889 
258 196.182 31.7273 
259 182.976 47.7509 
260 169.385 63 
261 207.5 -17 
262 198.2 -10.6 
263 193.875 -17.125 
264 195.786 -2.75 
265 195.75 8.75 
266 209.1 -5.8 
267 143.313 -77.4107 
268 78.38 -82.28 
269 42.4091 -101.727 
270 63.8077 -84.8462 
271 38.5 -83 
272 44.1667 -81.1667 
273 56.4333 -81.5333 
274 50.1 -91.08 
275 69 -83.125 
276 162 64 
277 162 55 
278 163 40.8 
279 186.833 25.3333 
280 179.167 24.6667 
281 170.286 25.2857 
282 161.444 29.254 
283 161.667 46.3333 
284 195 25 
285 106.237 -73.2105 
286 116.5 -72 
287 -156 -150.5 
288 -182.5 -46.5 
289 -157.773 -56.1818 
290 -166.786 -56.1429 
291 -167.5 -48 
292 -158.5 -48.4444 
293 -146.8 -153.3 
294 -153.487 -135.372 
295 -203.5 50 
296 -38.5417 64.9167 
297 -138 39.5 
298 -125.286 40.0714 
299 182.793 -15.3112 
300 176.222 2.88889 
301 0.5 60 
302 -171 -114.5 
303 167 -29 
304 176.5 -34 
305 156.973 -32.9 
306 149.778 66.6667 
307 133.263 65.8421 
308 186.788 9.93915 
309 -196.786 -21 
310 190.5 41.5 
311 190.5 32.5 
312 192.5 24.5 
313 19.7 59.4 
314 26.0714 60.2857 
315 8.35714 58.4286 
316 69.9324 59.1622 
317 56.5 59 
318 175.944 -25.1111 
319 164.372 -29.2308 
320 153.357 -29.7143 
321 169.577 -16.3846 
322 149.8 -50.9 
323 -184.605 -24.7368 
324 -148.214 80.1429 
325 -156.1 79.8 
326 40.5 62 
327 -179.5 -19.3 
328 -186.921 -20.1053 
329 -189.5 -16.2 
330 -199.333 5.37037 
331 -193.056 -11.5 
332 -201.9 -9.5 
333 -195.283 -7.73913 
334 -194.065 8.17118 
335 -193.02 39.0927 
336 -188.833 5.66667 
337 -209.773 8.13636 
338 184.383 29.6417 
339 149 61 
340 124 61 
341 135 61 
342 146 57 
343 30.5 -100 
344 -11.5 55 
345 -166.5 -110 
346 -165 -90.8333 
347 -166.8 -102.7 
348 -165.8 -117.1 
349 39.5 59 
350 179.605 25.3684 
351 164.736 4.68033 
352 153.865 -18.527 
353 90.5 -75 
354 97.6818 -74.2727 
355 133.767 -82.2667 
356 114.588 58.4118 
357 121.537 0.949579 
358 -138.722 -152.833 
359 -139.714 -137.643 
360 -143.714 -128.643 
361 -140.25 -143.75 
362 -170.333 -25.1667 
363 -161.789 -32.6444 
364 -183.767 -38.3667 
365 -183.278 -26.0556 
366 82.1154 -75 
367 72.7308 -75.6154 
368 22.5 -98 
369 39.5 57 
370 -136.556 75.3889 
371 -101.4 34.1 
372 -110.019 17.715 
373 34.7857 55 
374 85.4737 -58.4737 
375 -153.5 73 
376 -153.5 63 
377 -112 -157.5 
378 -122.4 -157.3 
379 -129.273 -157.682 
380 88.2222 49.4444 
381 97.5 -43.8 
382 83.3261 -5.65217 
383 98.7 -5.4 
384 82.2727 -54.2273 
385 85.2525 -23.0859 
386 80.8919 -47.8243 
387 81.1818 -25.1364 
388 95.7 -20.8 
389 97.8529 -28.4706 
390 -114.111 40.3889 
391 51.5 -73 
392 40.75 -74.25 
393 59.5952 -74.2381 
394 87.68 -31.08 
395 75 -29 
396 84.8333 -55.2222 
397 94.8125 -36.375 
398 81.0822 -42.4178 
399 80.7143 -3 
400 89 -4 
401 72.1667 -55.3333 
402 89 -13.1 
403 88.6 -23.4 
404 88.6667 -20.5 
405 79.9461 -24.1138 
406 74.881 -14.6905 
407 74.5 -28 
408 80.8421 -21.8421 
409 78.9231 -15.9231 
410 93.6053 -8.63158 
411 91.3667 -13.8667 
412 79.5556 -9 
413 17.3824 -97.7059 
414 21.25 -49 
415 31.6538 -47.9231 
416 24.8731 -80.8806 
417 43.1667 -65.6667 
418 25.6575 -62.2283 
419 18.7857 -89.5714 
420 -142.5 73 
421 12.5 -96 
422 -162.833 -4.33333 
423 23.2143 -43 
424 34.1316 -43 
425 -156.442 23.2412 
426 14.9 55 
427 48.0714 80.7143 
428 -144.364 -109.318 
429 -144.6 -121.9 
430 -153.775 -114.309 
431 -184.5 -133.2 
432 -189.061 -104.018 
433 80.6412 33.1527 
434 69.6364 42.4545 
435 76.8235 48.2941 
436 85.622 60.0732 
437 82.0333 71.4667 
438 98.5 54 
439 98.4412 61.2941 
440 -117.731 70.3077 
441 -124.5 70.4 
442 -134.944 69.2222 
443 -162.5 -17 
444 -170.731 -16.8077 
445 -185.5 -17.5 
446 -178.567 -17.1667 
447 -135.909 31.5 
448 -117.5 63 
449 -124.833 62.5 
450 -133.333 63.25 
451 -143.5 63 
452 67.7537 -46.209 
453 -101.462 -145.115 
454 -170.5 -8 
455 -170.5 1 
456 -184.972 -0.638889 
457 -185.7 -10.1 
458 -150.5 -55 
459 -150.5 -46 
460 -158 -101.5 
461 49.7667 -48.6667 
462 35.7439 -51.5122 
463 44.7727 -47.6364 
464 56.2273 -49.3636 
465 -96 42.5 
466 88.1429 4.71429 
467 97.56 6.92 
468 86.8468 8.75 
469 88.6 21.4 
470 84 42.5 
471 74.2273 -1.31818 
472 83.3571 30.9286 
473 83 -14.9 
474 85.8691 7.08054 
475 -150.3 56.4 
476 -178.5 -8 
477 -178.146 2.53659 
478 -90.8889 40.7222 
479 93.25 37.875 
480 -50.0385 62 
481 -123.5 80 
482 -132.48 63.02 
483 88.7 39.6 
484 -15.94 52.04 
485 5.38889 51.8889 
486 86.9167 39.7917 
487 7.3 -109.4 
488 7.5 -101 
489 -148.05 -43.15 
490 -148.643 -20.8571 
491 54.2088 -32.7169 
492 -157.15 -146.15 
493 82.1071 12.8571 
494 -115.077 -151.192 
495 -150.5 -140 
496 -142.5 -140 
497 -134 -139.667 
498 -129 -140.333 
499 -110.5 -139 
500 -119.533 -147.633 
501 -122.5 -140 
502 -128.154 -149.962 
503 -156.5 -140 
504 -164.395 -140.368 
505 -178.962 -141.308 
506 -100.154 -136.577 
507 -129.563 -140.938 
508 -116.375 -140.042 
509 22.5096 -40.4759 
510 -185.833 16.1667 
511 -182.6 35.7167 
512 84.75 35.5 
513 28.5 53 
514 51.2222 38.5556 
515 61.2778 40.0556 
516 59.6818 66.7273 
517 68.7453 70.4528 
518 58.7 74.6 
519 -133.722 -131 
520 -143.731 -131.769 
521 -162.5 52 
522 -177.5 46.5 
523 -177.068 27.822 
524 -72.2333 -131.933 
525 -179.5 13.5 
526 -164.3 0.8 
527 -164.5 -8 
528 12.5 -65 
529 12.9444 -51.2222 
530 12.5 -79 
531 49.5 77 
532 -167.553 1.13158 
533 -154.5 -1 
534 -164.48 4.96 
535 -158.208 -8.49096 
536 -166.703 15.3043 
537 -158 5.33333 
538 30.3333 -28.5 
539 -87 -9.3 
540 -86.3333 -12.6111 
541 -119.667 -42.5 
542 -95.8696 -32.6739 
543 -86.1667 -16.3333 
544 -98.5 -21 
545 -108.154 -48.4231 
546 -110.857 -15.4048 
547 -101.091 -12.7727 
548 -154.1 52.2 
549 -147.227 51.8182 
550 -164.842 41.2368 
551 27.5 51 
552 65.5 52 
553 48.9667 51.9333 
554 79.3317 4.86139 
555 72 -8.875 
556 60.6957 -7.08696 
557 70.0333 -23.6 
558 62 -51.5 
559 51.1 -50.9 
560 63.6926 -21.6048 
561 -171.5 34.5 
562 -172.543 -128.478 
563 -102.352 72.5185 
564 -112.147 78.5294 
565 -111.045 70.7273 
566 71.3182 45.8182 
567 68.1818 24.0909 
568 -159 -91.5 
569 -158.889 -75.3889 
570 69.5 -17 
571 49.4545 -8.63636 
572 38.4262 -10.3115 
573 33.4545 8.90909 
574 45 10.7692 
575 73.3846 11.1538 
576 72.5313 -1.3125 
577 41 2 
578 33 1 
579 49.0909 5.54545 
580 63.375 7.875 
581 54.5 6.83333 
582 56 2 
583 38.8947 -42.9737 
584 29.1429 -39.5 
585 82.5526 3.47368 
586 82.9 -5 
587 52.3727 0.909091 
588 41.5 4 
589 48.4724 -17.0075 
590 26.6136 -3.75 
591 67.1 -6.93333 
592 76.625 -4.75 
593 36.9783 -37.0435 
594 69.8667 4.86667 
595 67.1364 5.27273 
596 35.6538 -40.1538 
597 21.0135 -45.9865 
598 67.7857 46.8571 
599 50.2273 47.1818 
600 57.3 46.6 
601 41.5 47 
602 68.4828 37.7241 
603 70.1667 -10.3333 
604 82.0882 16.3529 
605 67.8333 18.9 
606 70.3 0.6 
607 65.5333 -15.5 
608 63.069 -3.36207 
609 66.0455 1.27273 
610 -151.9 -135 
611 -117.5 -135 
612 -156 -80.5 
613 -154 -82.5 
614 -160.167 -132.111 
615 -130.952 48.4524 
616 68.5 24 
617 69.4135 8.52885 
618 69.4 -23.3 
619 63.9474 -23.7105 
620 -133.25 53.875 
621 -167.605 25.8684 
622 -118.5 -133 
623 3.21429 -82.5714 
624 -24.7727 51.1818 
625 1.5 49 
626 -62.6866 -122.216 
627 -58.5455 -100.955 
628 -67.2 -100.3 
629 -138.675 -5.88462 
630 56.7 45 
631 -118.5 -131 
632 -163.5 34.5 
633 -146.5 47.5 
634 -153.5 50.5 
635 -151.33 36.19 
636 -133.625 39.25 
637 -133.676 47.1765 
638 -160.5 39.5 
639 -122.2 5.8 
640 -111.262 60.1905 
641 -126.692 31.1923 
642 -129.583 7.16667 
643 -132.643 3.92857 
644 -130.5 48.9 
645 -132.387 19.1481 
646 -110.5 33 
647 -123.521 32.2979 
648 -0.545455 -93.1818 
649 8.5 -91 
650 0.235632 -73.8736 
651 8.5 -67 
652 -1.7 -107.533 
653 -61.1111 -126.878 
654 -126.5 -13 
655 -141.5 -12.1 
656 69.2647 59.4118 
657 54.7857 33.6429 
658 71.7 15 
659 56.3638 4.58781 
660 55 20.3333 
661 57.2755 43.7857 
662 -144 -75.5 
663 -134.286 -114.429 
664 -119.059 -132.324 
665 -115.301 -111.267 
666 -108.615 -124.115 
667 -138.857 -104.833 
668 26.5 49 
669 -99.8333 1.5 
670 -133.714 -99.6429 
671 -118.897 -100.672 
672 -146.875 -99 
673 -124 -129.5 
674 -192.5 -90 
675 -186.682 -90.2727 
676 -173.324 -89.5882 
677 -153.643 -108.286 
678 -176.9 -114.8 
679 -152.5 -92 
680 -165.781 -102.869 
681 -159.227 -103.727 
682 -171 -112.667 
683 -177.342 -98.1579 
684 -173.333 -120.167 
685 -180.9 -118 
686 -158.242 -114.419 
687 -166.5 -126.6 
688 -158.42 -124.84 
689 -22.4333 48.6 
690 49.2917 14.4583 
691 44.0244 -5.23171 
692 51.8333 41.5 
693 41.0827 15.5938 
694 52.1 64.4 
695 55.75 56.75 
696 -26.9848 -37.6061 
697 -13.1 -29.8 
698 -144.25 29.375 
699 -154.679 1.33929 
700 33.3462 0.269231 
701 33.6379 -10.6724 
702 33.5 -22.5 
703 31.5 -31.5 
704 27.5 -17.5 
705 25.5 -17.5 
706 34.8 17.8 
707 35.2 25.2667 
708 29.4333 46.3 
709 44.3182 48.5455 
710 44.0357 60.6964 
711 -144.667 -126.333 
712 -128.929 -126.429 
713 -132.045 39.3182 
714 -134.136 25.0455 
715 -105.409 -129 
716 -79.9 -102.6 
717 -88.7 -101.8 
718 -94.8 -127.82 
719 -103.2 -122.3 
720 -75.125 -116.375 
721 -85 -126.875 
722 -75.0909 -124.318 
723 -92.473 -116.831 
724 -115.389 -121.444 
725 -109.63 -104.217 
726 -111.3 -113.2 
727 -118.7 -107.6 
728 -122.935 -104.043 
729 -135.549 -113.111 
730 -12.8529 -111.235 
731 -83.25 -4 
732 -76.1818 -3.5 
733 -99.1842 28.7632 
734 -92.875 -3.25 
735 -123.636 -6.77273 
736 -114.111 -5.27778 
737 -21.6 -8.775 
738 23.2308 29.7692 
739 -2.5 9.5 
740 15.2895 3.44737 
741 28.8333 17.3333 
742 30.05 15.05 
743 11.1923 21.1538 
744 9.625 11.75 
745 21.6667 11.5 
746 19.3333 28.2 
747 -58.6667 -92.9667 
748 -56.5714 -83.2619 
749 25.5 -21 
750 -22.8556 -112.422 
751 -40.7299 -114.678 
752 -62.54 -119.88 
753 28.9 80.4 
754 36.5 80 
755 27.3182 74.7273 
756 15.6667 48.6667 
757 31.5541 59.5135 
758 28.0714 49.8095 
759 28.3 67.6 
760 37.75 53 
761 -71.5 -113 
762 -58.4231 -113 
763 -62.5 -108.857 
764 43.1 -24.2 
765 -141.875 -94.625 
766 -132.7 -93.8 
767 -126.136 -93.1818 
768 -118.233 -95.8 
769 27.3718 -17.0385 
770 -77.6364 21.5909 
771 -82.5455 19.5909 
772 -95.5456 22.9544 
773 -44.5 18.6667 
774 -52.3 20.6 
775 -61.5972 21.5972 
776 41.6818 6.27273 
777 41.6176 15.8235 
778 4.40909 80.1818 
779 7.32609 72.2609 
780 15.5 65.0588 
781 15.3977 41.533 
782 9.5 60.9091 
783 -144.731 -0.807692 
784 -132.357 -0.214286 
785 -119.111 -0.0444444 
786 -105.912 21.4118 
787 14.7538 -29.4077 
788 17.9385 -7.55385 
789 19.0357 -7.85714 
790 25.4231 35.8077 
791 17.6463 77.122 
792 6.21053 -27.6316 
793 46.7549 -6.88235 
794 -27.6613 -56.1935 
795 -7.04545 -55.8364 
796 7.5 -55.1429 
797 -55.5 -105.857 
798 -69.5 -106 
799 14.6296 -21.1296 
800 16.6 -1.9 
801 16 23.75 
802 -124.194 40.8056 
803 -167.611 -39.2222 
804 -177.875 -37.5 
805 -125.375 -88.25 
806 -192.5 -39 
807 -151.455 -48.0455 
808 -147.2 -47.7 
809 -144.4 -51.7 
810 -135.297 -48.7432 
811 -126.5 -92.625 
812 -136.751 -72.1801 
813 -166.038 -45.3077 
814 -186.808 -36.5385 
815 -175.058 -39.6512 
816 -177.539 -68.0177 
817 -186.318 -78.4545 
818 -188.1 -49.6 
819 -179.591 -53.3636 
820 -121.462 -56.8846 
821 -115 -93.5 
822 -117.667 -66.1667 
823 -101.455 -95.3182 
824 -107.763 -83.3063 
825 -93.5588 -79.4706 
826 -141.9 -87.8 
827 -33.0714 -105 
828 -150.3 -13.46 
829 1.48913 -24.9022 
830 0.452381 -8.07143 
831 -138.553 15.2895 
832 -125.1 9.56667 
833 -141.071 -0.785714 
834 -126.885 18.7308 
835 -124.9 26.5 
836 -137.7 -39.8 
837 -132.75 -29.2885 
838 21.6538 47 
839 -152.633 -80.2 
840 -63.5 -102 
841 -44.5 -102 
842 -28.9706 -101.941 
843 -14.5 -102 
844 -61.8947 -24.8947 
845 -53.8684 -0.473684 
846 -79.4286 -107.214 
847 -95.4118 -95.5 
848 -68 -83.5 
849 -67.9 -74.7 
850 -78.5455 -72.4091 
851 -78.381 -78.8333 
852 -81.8843 -93.5661 
853 -65.8182 -92.7727 
854 -53.3333 -73.5 
855 -113.929 -55.4857 
856 -155.955 -68.0909 
857 -142.872 -76.1628 
858 -124.5 -24.8 
859 -130.5 -44.3333 
860 -114 -65.75 
861 -102 -65.5 
862 -55.2381 -66.4524 
863 -63.6923 -66.2692 
864 -76.5714 -66.2143 
865 -70 -66.5 
866 -84.2353 -66.9118 
867 -91.6 -65.3 
868 -8.5 -85 
869 -83.7308 56.3077 
870 -113.167 -82.5 
871 -121.643 -88.1429 
872 -92.6818 -91.9091 
873 -20.5 -98 
874 -17.0714 -88.8571 
875 8.65789 -1.78947 
876 6.11111 -25.2778 
877 -68.5 -96 
878 -60.5 -96 
879 -79.5 -96 
880 -112.172 -72.0164 
881 -32.5 -97 
882 2.87931 -48.6897 
883 -6.5 -43 
884 -81.5 -87 
885 -68 -87.1667 
886 -61.3 -87.9333 
887 -45.3624 -90.0092 
888 -28.9 -86.2 
889 -72.8077 -86.8462 
890 14.5357 26.8095 
891 -109 -46.5455 
892 -141.667 -39.6667 
893 -123 -35.5 
894 -132.137 -38.9375 
895 -121.611 -48.7407 
896 -94 -69 
897 -117.783 -56.511 
898 -55.5 -78 
899 -13.5 -77 
900 -21.5 -77 
901 -46.5 -78 
902 -39.5 -78 
903 -30.5 -78 
904 -73.5 -57.8 
905 -77.7857 -68.7755 
906 -74.0385 -80.0769 
907 -87.6429 -63.8571 
908 -0.236842 -21.1053 
909 -147.5 -10.5 
910 -105.246 -4.69298 
911 -87.9688 -3.75 
912 -51.3026 1.67959 
913 -57.3043 -56.1957 
914 -58.3636 -46.2273 
915 -59.0909 -41.1364 
916 -77.302 -45.0839 
917 -87.1667 -55 
918 -82 -59.1 
919 -75.4545 -54.9545 
920 1.5 2.5 
921 14.5769 24.3077 
922 22.7 23.2 
923 -30.2143 29.1429 
924 -36.1818 36.2727 
925 -35.0303 47.3636 
926 -30.5 29.7368 
927 -43.9524 5.79762 
928 -158.962 -58.6923 
929 -153.7 -59.2 
930 -130.7 -70.2 
931 -148.5 -59.1429 
932 -135.848 -61.1304 
933 -122.154 0.346154 
934 -119.077 -8.26923 
935 -128.318 -52.9091 
936 -136.5 -53 
937 4.80646 -1.61852 
938 -57.8333 -27.9524 
939 12.4333 -2.46667 
940 42.5657 27.0805 
941 42.8305 71 
942 76.3 41.4 
943 84.5 42.2857 
944 69.3462 54.7692 
945 74.9216 27.2222 
946 68.6154 17.9231 
947 57.6905 17.9048 
948 80.1667 48.1333 
949 68 45.125 
950 61.0909 28.4545 
951 56.8889 29 
952 50.8684 3.10526 
953 67.1923 39.4615 
954 52.5714 13.3571 
955 54.8613 31.5714 
956 0.329912 -31.8851 
957 37.5909 -22.3701 
958 -141.273 -45.8182 
959 -117.981 -46.9259 
960 -94.6429 -43 
961 79.3605 -0.0930233 
962 -87.2308 -27.0385 
963 -122.4 -25.9 
964 -111.455 -23.8636 
965 -101.231 -42.4231 
966 -82.7143 -36.3571 
967 -68.9231 -37.0385 
968 -98.9032 -23.1129 
969 95.3305 33.3559 
970 -98.6 6.9 
971 -88.1935 9.66129 
972 -77.6774 8.95161 
973 -114.087 8.06522 
974 -85.7778 27.9815 
975 -96.9412 29.6765 
976 236.353 34.1765 
977 228 42.1667 
978 -69.4 -109.4 
979 -58.4 -111.043 
