1037
0 0 1 0 -388 60 2 -491 -227 1 2
1 2 5 0 349 -161 3 -449 -229 1 2
2 3 -4 0 461 129 2 -465 -223 1 1
3 4 -3 155.5 -147 -164 1 347 85 2 1
4 -1 -2 0 -6 100 2 -479 39 3 2
5 6 7 0 -245 153 1 419 -211 1 1
6 -5 -6 0 300 -325 2 220 -230 2 1
7 -7 8 0 107 -190 2 464 224 3 2
8 9 11 0 -275 -222 3 -191 269 1 2
9 -8 10 -3187.6 232 31 1 114 184 1 2
10 -9 -10 124.938 -180 -111 2 -201 -40 2 1
11 -11 12 0 -376 -17 1 -495 -208 1 2
12 13 16 0 -391 126 2 398 -232 2 1
13 14 -15 495.57 149 -253 1 482 122 0 1
14 15 -14 833.519 279 -74 3 -405 137 0 1
15 -12 -13 872.656 308 -241 0 195 -14 0 2
16 17 18 0 -259 -147 0 494 184 2 1
17 -16 -17 799.353 427 17 1 155 218 2 1
18 19 22 0 327 -52 0 324 -255 2 1
19 20 -21 2476.44 263 85 2 205 -332 0 2
20 21 -20 778.489 319 -87 1 -151 -31 2 1
21 -18 -19 179.751 89 -249 1 -457 74 2 1
22 23 26 0 -254 208 2 -454 -218 1 2
23 24 25 -1793.62 -330 276 1 -168 31 2 2
24 -22 -23 -701.569 222 218 2 -479 -139 2 2
25 -24 -25 411 -100 74 1 -341 161 2 1
26 -26 27 0 -431 115 3 -199 262 2 1
27 28 1036 839.286 -467 -14 1 323 -37 0 1
28 29 31 0 430 -65 2 286 -280 3 1
29 -27 30 -246.124 151 313 3 63 10 1 1
30 -28 -29 0 339 -323 3 292 91 0 1
31 -30 32 0 -172 159 2 -224 255 3 1
32 33 35 0 -371 -261 0 449 222 2 2
33 34 -33 340.341 32 60 1 -197 16 1 1
34 -31 -32 69.7034 177 235 1 474 227 1 2
35 -34 36 0 -156 -245 2 485 201 1 2
36 -35 37 0 314 -198 1 -331 255 0 1
37 38 40 0 -197 -200 1 379 -231 2 1
38 -36 39 0 469 -32 0 -115 -214 2 2
39 -37 -38 897.974 315 -159 1 -347 212 2 1
40 -39 41 0 -493 -184 2 424 -209 3 1
41 -40 42 0 220 -216 1 -417 -238 3 1
42 -41 43 0 -386 247 1 -495 -191 2 1
43 -42 44 0 -452 137 3 -374 239 1 1
44 45 47 0 411 227 2 451 -206 0 1
45 -43 46 0 -446 -21 0 489 -50 1 1
46 -44 -45 1343.58 -21 -80 3 170 228 2 2
47 48 50 0 256 147 3 -106 315 2 1
48 49 -48 255.736 -122 334 1 -328 -187 1 2
49 -46 -47 0 -217 258 3 -160 97 1 1
50 -49 51 0 -56 -290 3 233 -298 2 1
51 -50 52 0 480 258 1 304 300 0 1
52 -51 53 0 346 1 2 -130 333 2 1
53 54 57 0 139 364 0 -468 -207 3 1
54 -52 55 -131.928 -267 -247 2 -291 -183 2 1
55 -53 56 -433.323 -146 320 2 22 -107 0 2
56 -54 -55 2025.89 -309 -91 1 -100 77 2 2
57 -56 58 0 323 182 0 358 -258 1 2
58 59 60 0 -61 -259 2 -485 -184 1 1
59 -57 -58 0 18 -224 3 -124 135 1 1
60 61 63 0 -300 201 2 297 287 2 2
61 -59 62 1680.07 55 60 1 -49 307 3 2
62 -60 -61 -272.153 179 350 2 159 332 1 1
63 64 65 0 187 -88 1 485 -197 2 1
64 -62 -63 -339.893 493 -139 0 481 -81 2 1
65 66 75 0 -246 -108 1 160 327 3 1
66 -64 67 -3381.67 355 301 1 53 92 1 2
67 -65 68 -1060.75 272 -38 3 240 313 2 2
68 -66 69 2560.01 55 39 0 -273 190 3 2
69 70 -73 503.295 288 -20 2 399 -156 3 1
70 -67 71 0 -289 -326 1 -123 -68 0 2
71 72 -72 2136.49 270 59 2 147 -398 2 2
72 -68 73 -638.517 360 328 1 151 260 2 1
73 74 -71 -715.276 227 -260 1 171 219 0 1
74 -69 -70 1842.23 222 134 2 -209 290 2 2
75 -74 76 0 202 -220 1 383 -218 2 2
76 -75 77 0 5 360 3 460 219 0 1
77 78 79 0 50 339 2 373 -237 0 2
78 -76 -77 -166.024 325 -265 0 356 -11 1 1
79 80 81 0 440 -225 1 334 -248 2 1
80 -78 -79 0 -480 297 3 365 -80 1 1
81 82 86 0 -337 -348 2 -444 -211 0 2
82 -80 83 0 -12 265 1 -170 -227 3 2
83 -81 84 1123.94 -422 49 0 -73 -322 3 2
84 85 -84 0 131 -268 0 47 65 1 2
85 -82 -83 -114.74 -373 36 1 -58 -32 2 1
86 -85 87 0 256 148 2 221 -307 2 1
87 88 89 0 -301 -244 0 415 -207 1 2
88 -86 -87 -726.475 -473 301 0 435 -174 1 1
89 -88 90 0 -457 254 3 -162 310 0 1
90 -89 91 0 476 124 2 181 -363 2 2
91 -90 92 0 192 295 0 273 -291 2 2
92 93 94 0 -413 206 2 -494 -166 3 2
93 -91 -92 -2446.05 52 10 1 -4 -89 2 2
94 95 96 0 -387 63 1 -411 -312 1 1
95 -93 -94 0 457 -66 1 -142 50 2 2
96 -95 97 0 -354 -82 2 -312 245 1 1
97 98 103 0 -487 -89 3 474 -176 1 1
98 -96 99 0 186 -239 3 455 -201 0 2
99 100 -101 3633.62 234 -98 2 -461 190 2 2
100 -97 101 -3538.85 -224 -43 2 468 -125 0 2
101 -98 102 -3011.66 486 -28 0 382 -187 0 2
102 -99 -100 410.82 440 -62 2 439 254 2 1
103 -102 104 0 426 -6 2 197 -351 3 1
104 -103 105 0 -416 238 2 -177 298 3 2
105 106 107 0 497 -163 0 -497 217 2 2
106 -104 -105 0 222 -235 2 -88 -107 1 1
107 108 110 0 295 174 2 488 -8 1 2
108 109 -108 747.539 175 54 2 88 297 3 1
109 -106 -107 -610.458 -111 309 1 261 27 0 1
110 111 112 0 196 -210 1 474 -170 0 1
111 -109 -110 2399.5 137 55 1 -19 -91 1 2
112 -111 113 0 -404 -3 3 -481 206 2 2
113 -112 114 0 82 327 0 185 -351 2 1
114 -113 115 0 -144 200 1 -171 266 2 2
115 -114 116 0 226 -189 1 433 235 1 2
116 -115 117 0 370 84 2 480 -165 0 1
117 118 119 0 311 241 1 471 153 3 1
118 -116 -117 0 -276 136 0 289 -177 1 2
119 -118 120 0 -466 91 3 -472 -178 3 2
120 -119 121 0 255 269 1 276 -280 3 1
121 122 123 0 420 -47 1 -491 214 0 2
122 -120 -121 0 265 -239 3 -313 222 3 2
123 124 125 0 -11 -293 2 289 288 2 1
124 -122 -123 1675.3 -83 209 3 -149 -152 2 2
125 -124 126 0 97 296 1 -471 -194 1 2
126 -125 127 0 219 -203 3 -186 280 0 2
127 -126 128 0 3 -357 2 -488 213 0 2
128 -127 129 0 -440 19 1 182 -345 0 1
129 -128 130 0 -441 280 2 252 325 2 2
130 -129 131 0 295 -284 3 177 -360 1 1
131 132 133 0 -465 278 1 -494 -151 1 2
132 -130 -131 2110.35 -222 162 1 -329 -316 1 2
133 -132 134 0 190 276 3 -99 319 2 2
134 -133 135 0 132 204 1 316 -253 1 2
135 -134 136 0 95 -293 0 -440 -213 1 1
136 -135 137 0 -199 -336 2 -100 -345 2 1
137 138 139 0 208 -259 0 471 86 0 1
138 -136 -137 583.585 446 -22 2 -415 170 1 1
139 140 141 0 64 -299 3 -404 -255 0 1
140 -138 -139 3911.67 -313 -127 3 -251 -315 0 2
141 -140 142 -3754.35 -330 -76 2 347 -166 1 2
142 143 144 0 -281 -345 0 -447 -204 3 1
143 -141 -142 0 277 165 0 44 -86 0 1
144 -143 145 0 150 5 2 402 214 3 2
145 146 148 0 488 -295 2 444 -197 3 1
146 -144 147 -607.779 484 -76 1 463 -189 1 2
147 -145 -146 -1815.14 122 186 2 208 -110 3 2
148 149 150 0 213 226 2 -497 138 2 2
149 -147 -148 0 -30 -275 1 -202 202 1 2
150 -149 151 0 -186 -117 1 -483 -132 2 1
151 152 155 0 123 -41 0 451 -157 1 1
152 153 -153 -126.261 -149 -5 1 122 80 2 2
153 -150 154 -3656.41 -316 274 2 355 -92 1 2
154 -151 -152 2849 19 -14 1 -352 -23 2 2
155 156 157 0 114 -290 1 -230 -362 1 2
156 -154 -155 -94.7935 -101 -118 3 -7 -256 1 1
157 -156 158 0 493 271 1 295 -256 2 2
158 159 161 -4080 122 -173 0 140 -134 2 2
159 160 -159 -4075.52 -452 -91 0 -102 -96 1 2
160 -157 -158 -2034.73 -384 -275 2 -248 151 2 2
161 -160 162 0 171 -349 2 432 224 0 2
162 163 164 0 278 -28 2 -85 314 2 2
163 -161 -162 1325.77 178 311 2 284 -249 0 2
164 -163 165 0 -159 -213 1 29 319 1 2
165 -164 166 0 -443 -113 2 -174 291 0 1
166 167 168 0 -194 299 3 -478 220 3 1
167 -165 -166 -870.073 257 100 1 -130 4 3 1
168 -167 169 0 188 -269 0 -326 245 2 2
169 170 171 0 58 -255 2 275 299 1 1
170 -168 -169 -231.8 -290 204 2 131 285 3 2
171 172 175 0 206 -198 0 -138 305 3 2
172 -170 173 0 -314 -21 2 -163 135 0 2
173 -171 174 0 -98 -98 2 253 140 1 2
174 -172 -173 -1414.88 184 390 2 243 -18 2 2
175 176 179 0 296 -15 2 237 -301 1 2
176 177 178 797.966 128 -27 2 -377 -378 3 2
177 -174 -175 255.883 263 15 2 -107 302 2 1
178 -176 -177 1625.83 247 -115 2 -249 137 0 2
179 -178 180 0 -90 -211 0 -420 -212 1 1
180 181 186 0 107 -245 3 260 281 1 1
181 182 -184 1366.96 119 307 1 -38 -321 0 2
182 -179 183 1952.87 241 21 3 -127 -224 2 2
183 184 -183 208.022 -91 -29 3 11 271 1 1
184 185 -182 1752.4 201 254 2 -294 49 1 2
185 -180 -181 0 334 -140 1 95 303 0 2
186 -185 187 0 -168 -313 0 -404 -264 1 1
187 -186 188 0 -416 292 2 -474 -185 3 1
188 189 191 0 -413 315 3 169 -356 2 1
189 -187 190 0 -168 180 0 -196 -370 0 2
190 -188 -189 0 -362 139 2 -189 12 2 2
191 -190 192 0 -279 279 2 468 -177 3 1
192 193 195 0 291 38 1 216 -300 2 2
193 194 -193 -1127.58 335 76 3 -10 -23 1 2
194 -191 -192 0 -357 -100 2 -175 -40 1 2
195 196 199 0 482 -322 3 137 -359 1 2
196 -194 197 -246.791 35 107 2 -51 -38 1 1
197 -195 198 792.846 -196 -214 1 166 136 0 1
198 -196 -197 0 -476 294 3 -69 8 0 1
199 -198 200 0 -75 319 3 468 -168 1 2
200 -199 201 0 -117 292 2 -457 -189 2 1
201 -200 202 0 318 332 2 -396 236 3 1
202 -201 203 0 -261 -34 2 264 -276 1 1
203 -202 204 0 -349 -60 0 -180 275 0 1
204 -203 205 0 -64 252 2 398 -226 0 2
205 -204 206 0 159 -268 1 -463 221 0 2
206 207 208 0 -466 -212 3 413 242 1 1
207 -205 -206 0 -389 -77 3 -75 229 1 1
208 209 210 0 492 -251 1 -311 -365 2 2
209 -207 -208 14.9562 -374 -137 3 283 -70 2 1
210 211 212 0 -151 -345 0 -468 212 2 2
211 -209 -210 393.248 21 11 0 -100 -147 3 1
212 -211 213 0 65 151 2 -485 208 1 1
213 214 215 0 43 363 3 313 -241 1 1
214 -212 -213 -906.905 78 228 0 303 -235 1 1
215 216 219 0 -421 -107 3 -437 214 1 1
216 -214 217 67.962 -126 86 1 126 86 2 1
217 -215 218 159.244 -295 -28 2 79 -332 3 1
218 -216 -217 -1990.82 18 -246 0 -46 -78 1 2
219 -218 220 0 230 122 0 172 288 0 2
220 221 222 0 396 355 1 -356 240 2 2
221 -219 -220 1872.78 -337 96 0 -55 -229 1 2
222 -221 223 0 296 -66 1 294 -238 3 2
223 -222 224 0 -472 -88 1 171 -353 0 2
224 225 226 0 -167 -154 3 -401 -334 3 2
225 -223 -224 0 253 -332 2 88 27 1 1
226 227 229 0 -426 247 1 161 292 2 1
227 -225 228 0 -175 11 0 254 -22 2 2
228 -226 -227 -348.034 399 7 0 239 117 1 1
229 -228 230 0 391 152 2 464 210 1 2
230 231 233 0 103 181 0 -403 -248 3 1
231 -229 232 4080 -346 -317 2 102 -223 0 2
232 -230 -231 0 148 -168 2 -120 47 1 1
233 -232 234 0 -8 351 0 100 -362 0 1
234 235 236 0 292 -59 1 258 -264 1 2
235 -233 -234 0 -261 371 2 24 -293 1 2
236 -235 237 0 -473 -326 0 137 291 1 1
237 -236 238 0 9 150 1 173 -347 1 1
238 239 247 0 -4 -287 2 -475 -150 3 2
239 240 -245 627.765 -206 62 3 43 -94 2 1
240 241 -244 3495.89 -292 -94 0 209 -124 3 2
241 242 -243 754.576 -325 -52 1 -448 284 1 1
242 -237 243 -1392.8 -339 170 0 19 94 1 2
243 244 -242 -1696.5 -149 225 2 -23 -66 2 2
244 245 -241 746.518 -170 0 1 -183 258 2 1
245 -238 246 -1357.01 -169 184 2 -331 -96 3 2
246 -239 -240 372.909 16 -177 2 -211 306 2 1
247 -246 248 0 -437 -224 0 408 244 2 2
248 -247 249 0 301 31 3 -445 219 2 1
249 250 251 0 265 125 0 456 -185 0 1
250 -248 -249 -219.779 466 125 1 -17 100 3 1
251 -250 252 0 -211 -132 0 -432 228 1 2
252 253 254 0 377 188 2 -489 -1 1 1
253 -251 -252 121.403 3 -53 2 1 -89 2 1
254 -253 255 0 434 35 2 134 -355 1 1
255 256 258 0 -114 259 2 -477 68 1 1
256 -254 257 -1766.49 99 -291 1 -424 15 0 2
257 -255 -256 823.085 -306 -122 1 218 -109 0 2
258 -257 259 0 -35 249 1 -430 224 1 1
259 260 261 0 110 96 1 401 218 2 1
260 -258 -259 -3610.13 -197 -106 2 -14 -118 2 2
261 262 263 0 406 75 2 248 -240 2 2
262 -260 -261 -328.182 342 -188 2 -108 10 2 1
263 264 -1035 3724.05 263 106 1 152 -177 3 2
264 -262 265 0 -357 -289 1 115 289 2 1
265 -263 266 0 294 -164 1 -202 256 2 2
266 267 268 0 -133 -312 1 408 -211 0 1
267 -264 -265 0 416 313 1 190 -220 3 1
268 269 276 0 4 237 2 390 -209 0 2
269 270 271 0 223 -317 1 366 -225 1 1
270 -266 -267 -147.101 -271 -278 2 108 89 1 1
271 272 -273 878 398 -142 1 -293 -68 1 1
272 273 -272 581.09 311 -19 3 218 -161 1 1
273 -268 274 -287.369 204 222 2 -104 70 0 1
274 -269 275 -1166.56 -159 248 1 56 -187 2 2
275 -270 -271 -1820.43 196 -321 1 170 -185 3 2
276 277 284 0 286 -242 1 436 -160 1 1
277 278 283 114.493 -18 201 1 -106 -18 2 1
278 -274 279 -900.18 -40 -298 2 23 -147 2 1
279 -275 280 -3741.89 437 -205 1 372 -32 0 2
280 281 -279 -461.007 -388 -309 0 162 60 2 2
281 -276 282 -664.72 -5 -114 3 264 -84 2 1
282 -277 -278 -480.477 91 -82 0 333 -36 2 1
283 -280 -281 3661.98 401 -153 2 -417 -266 3 2
284 -282 285 0 153 68 0 449 126 1 2
285 -283 286 0 117 -86 3 190 -334 2 2
286 -284 287 0 -8 324 2 465 -2 0 1
287 -285 288 0 193 153 1 455 -81 2 2
288 289 293 0 223 -245 2 175 -327 2 1
289 290 -290 3040.08 90 -84 2 -226 -19 3 2
290 -286 291 -339.198 497 225 3 195 -84 3 1
291 -287 292 192.911 -25 -79 3 492 114 2 1
292 -288 -289 -562.535 107 307 0 -91 -236 3 1
293 -291 294 0 -477 208 2 272 269 3 2
294 295 296 0 78 -152 1 379 241 2 2
295 -292 -293 714.382 390 -110 2 403 -205 3 1
296 -294 297 0 103 178 1 446 183 1 2
297 298 299 0 184 313 1 -15 277 3 1
298 -295 -296 1600.29 -154 54 3 376 -233 3 2
299 300 301 0 -432 122 0 234 -258 2 1
300 -297 -298 2105.42 -4 -285 2 332 -42 2 2
301 302 303 0 218 -228 3 385 233 3 1
302 -299 -300 2708.06 190 -8 0 337 -257 0 2
303 304 305 0 59 203 2 447 76 0 2
304 -301 -302 2247.43 396 -55 0 155 -233 1 2
305 306 308 0 -304 187 1 50 272 0 1
306 -303 307 286.94 -106 235 0 -348 -391 0 1
307 -304 -305 1676.86 243 -56 1 -256 302 3 2
308 309 310 0 -335 -215 1 444 -101 0 2
309 -306 -307 -788.268 231 43 1 43 -113 2 2
310 -308 311 0 423 -37 2 435 64 0 2
311 312 314 0 -54 -184 2 -389 -334 3 1
312 -309 313 -3987.36 237 -307 0 66 -18 2 2
313 -310 -311 -143.004 -10 -185 2 -277 -152 2 1
314 -312 315 0 -64 273 3 -195 255 2 1
315 316 317 0 96 -282 3 -473 186 1 1
316 -313 -314 -1045.26 312 38 3 -72 -127 0 2
317 -315 318 0 154 -203 3 -407 234 3 2
318 319 320 0 -38 202 2 361 237 1 2
319 -316 -317 3090.79 368 -16 3 227 309 2 2
320 321 322 0 -317 -214 2 -423 -200 2 1
321 -318 -319 314.861 -169 -178 1 460 -102 1 1
322 323 324 0 -330 -288 1 -428 -199 2 1
323 -320 -321 -631.125 -190 305 3 -135 -23 3 2
324 -322 325 0 -467 -263 2 -273 245 2 2
325 -323 326 0 -214 307 2 -458 193 2 1
326 -324 327 0 -39 239 2 -379 235 1 1
327 328 329 0 -451 96 2 420 210 0 1
328 -325 -326 -1608.45 284 225 1 430 156 1 2
329 -327 330 0 -64 -249 1 438 47 1 1
330 331 332 0 114 -215 2 -450 195 0 1
331 -328 -329 -1109.81 94 -114 0 -56 -118 0 2
332 -330 333 0 -284 261 3 430 200 1 1
333 -331 334 0 -258 163 2 -451 -160 2 2
334 335 336 0 189 36 1 -24 246 1 1
335 -332 -333 0 280 14 1 183 -16 1 1
336 -334 337 0 366 231 1 -418 -223 1 1
337 -335 338 0 -410 88 2 253 252 0 1
338 339 341 0 95 -208 3 -451 95 2 1
339 -336 340 -865.275 -183 43 1 -186 131 0 2
340 -337 -338 853.568 -115 -48 1 282 312 2 1
341 342 353 0 -427 54 3 421 -165 3 1
342 -339 343 -922.292 -55 47 0 10 -74 1 1
343 -340 344 -18.1465 217 -175 2 150 -180 2 1
344 -341 345 0 467 327 1 424 196 3 1
345 -342 346 -3369.84 224 329 0 293 179 1 2
346 347 -350 -362.024 419 312 1 321 55 1 2
347 -343 348 -3379.87 -352 -59 2 -44 -124 1 2
348 349 -349 839.159 429 -59 1 -262 -263 0 1
349 -344 350 0 -98 -38 1 192 182 2 1
350 351 -348 -714.584 52 -255 0 279 -140 1 2
351 352 -347 1174.97 165 179 2 -303 67 2 2
352 -345 -346 0 34 -251 2 -73 175 1 2
353 -351 354 0 -19 -220 2 -429 216 2 1
354 -352 355 0 -169 258 1 382 -224 0 1
355 356 359 0 34 159 2 422 -86 2 1
356 357 -356 178.567 314 -48 0 165 -19 3 1
357 -353 358 405.872 164 -62 2 -420 23 2 1
358 -354 -355 0 327 311 1 372 206 1 2
359 -357 360 0 -391 -150 1 -422 -161 3 2
360 -358 361 0 -377 229 1 381 -219 1 2
361 -359 362 0 272 -50 1 275 -230 1 2
362 363 367 0 -81 -270 3 -178 251 3 2
363 -360 364 0 -209 395 2 -200 143 1 2
364 -361 365 584.056 -50 -124 1 -79 86 2 2
365 366 -364 1517.67 -116 167 3 331 -256 0 2
366 -362 -363 -94.9124 246 -238 0 28 159 2 2
367 -365 368 0 -438 309 3 237 -240 0 2
368 369 372 0 158 -323 0 -336 236 2 2
369 -366 370 0 374 -284 3 -366 230 2 1
370 -367 371 0 -269 283 1 -356 -17 0 2
371 -368 -369 591.403 159 168 2 269 2 2 2
372 -370 373 0 -125 -256 2 397 225 1 2
373 374 376 0 461 138 3 209 255 0 2
374 375 -373 346.807 217 -29 2 163 227 2 1
375 -371 -372 52.9075 -172 -67 0 260 64 0 1
376 377 379 0 -224 23 1 229 243 3 1
377 378 -376 701.811 -155 200 1 104 -200 0 2
378 -374 -375 40.3254 -135 -5 0 -260 -327 2 1
379 380 381 0 -107 -174 2 166 -339 1 1
380 -377 -378 639.188 128 -151 2 231 -67 1 1
381 -379 382 0 -468 147 2 376 231 3 2
382 383 385 0 -211 325 1 -404 -223 0 1
383 384 -382 1553.31 -132 -186 1 -152 331 0 2
384 -380 -381 2203.88 -176 -62 2 218 10 1 2
385 386 388 0 -483 126 1 -428 186 3 1
386 387 -385 738.8 -422 -66 1 -241 83 1 1
387 -383 -384 3675.26 -172 -31 2 -196 -202 0 2
388 389 390 0 -255 -110 2 207 -301 1 1
389 -386 -387 0 397 -267 2 97 -311 0 2
390 -388 391 0 -211 204 1 -406 215 3 1
391 -389 392 0 470 -84 1 385 205 0 1
392 393 403 0 -326 171 1 -386 201 2 1
393 394 -400 653.536 -327 117 2 -263 -221 2 1
394 395 -399 -192.891 102 252 1 -206 136 1 1
395 -390 396 300.952 56 -10 2 306 97 2 1
396 397 -398 233.772 -272 -34 2 -434 -97 2 1
397 -391 398 -535.166 -136 262 2 -27 122 3 1
398 -392 399 -1355.45 153 -18 0 104 49 1 2
399 400 401 -718.897 68 39 2 -225 2 3 2
400 -393 -394 268.499 -64 -125 1 -89 -232 1 1
401 402 -397 -2467.69 44 -212 2 -112 21 3 2
402 -395 -396 1055.36 -48 -71 1 -7 -143 0 2
403 404 405 0 74 -104 0 270 232 2 2
404 -401 -402 626.312 -220 168 1 -418 -163 1 2
405 -403 406 0 356 -165 1 411 -190 2 2
406 407 408 0 31 248 2 225 -280 2 2
407 -404 -405 0 -25 -374 1 -97 115 2 1
408 -406 409 0 453 284 1 213 -292 0 2
409 410 412 0 -319 -88 1 -442 35 0 1
410 411 -409 0 288 62 0 -39 -171 1 1
411 -407 -408 0 -493 -12 1 -349 150 2 2
412 413 414 0 -352 339 1 411 185 3 2
413 -410 -411 -1854.03 183 227 2 350 -56 2 2
414 -412 415 0 340 93 2 232 -264 2 2
415 416 417 0 183 -341 0 -440 -188 1 2
416 -413 -414 -1014.81 -495 98 2 -423 -141 1 2
417 -415 418 0 351 300 3 395 -200 1 2
418 -416 419 0 -136 -204 3 -391 -326 3 2
419 -417 420 0 -1 -244 1 181 -249 3 2
420 421 1035 2792.03 -406 -89 1 -204 339 1 2
421 -418 422 0 215 -257 3 357 -201 2 2
422 423 424 0 -285 337 1 415 -186 1 1
423 -419 -420 -1008 433 -242 3 257 70 0 2
424 -421 425 0 297 80 2 277 236 1 2
425 -422 426 0 316 -58 1 -449 61 0 1
426 -423 427 0 -31 211 2 391 31 3 2
427 428 429 -1004.77 -7 48 0 105 49 2 1
428 -424 -425 -278.103 382 -122 2 -229 11 2 1
429 430 433 0 378 68 0 367 -139 3 2
430 -426 431 0 -89 145 2 -14 214 0 2
431 -427 432 0 -326 -322 2 158 221 0 1
432 -428 -429 0 -494 -296 2 -110 212 3 2
433 -430 434 0 297 -263 3 231 -245 1 1
434 -431 435 0 -237 -107 3 205 -296 1 2
435 436 441 -3663.25 -157 246 1 307 -153 1 2
436 437 -437 0 492 -189 3 40 189 1 1
437 -432 438 0 -183 67 1 172 -172 2 1
438 -433 439 -902 -245 -220 1 -5 -156 2 1
439 440 -436 -844.863 -397 237 2 301 -33 2 1
440 -434 -435 2101.94 356 120 1 -133 217 2 2
441 -438 442 0 -394 -281 2 132 247 2 1
442 443 444 0 -444 -195 0 -446 156 3 2
443 -439 -440 -526.954 -97 -168 2 -160 20 2 1
444 445 449 0 -444 -316 1 149 -335 2 1
445 -441 446 689.149 -44 6 1 -152 -358 2 2
446 447 -445 43.8917 -347 -269 1 -117 58 3 1
447 -442 448 -1575.53 -139 -19 3 -232 -303 2 2
448 -443 -444 0 481 -113 1 -199 -349 1 2
449 450 451 0 -413 -26 1 -411 -64 0 1
450 -446 -447 0 219 -207 3 -130 -201 1 1
451 -448 452 0 -370 71 2 341 -227 3 1
452 -449 453 0 329 -8 3 216 -269 2 2
453 454 455 0 -416 -100 1 372 160 1 1
454 -450 -451 -338.137 273 155 1 281 -73 2 1
455 456 458 0 -282 -67 3 207 -271 3 1
456 457 -454 2426.19 84 32 2 -392 258 2 2
457 -452 -453 0 -304 -18 0 152 -290 1 1
458 459 460 0 66 184 1 84 -359 1 2
459 -455 -456 -2446.02 -111 181 1 119 -63 1 2
460 461 463 0 123 -310 0 -407 -210 2 2
461 -457 462 -1765.67 435 207 1 -106 74 3 2
462 -458 -459 -123.93 -437 -298 2 -294 55 2 1
463 -460 464 0 -494 -369 0 380 -139 2 2
464 465 468 0 195 -294 1 -439 16 3 2
465 -461 466 1876.96 18 6 1 290 246 1 2
466 467 -464 -235.19 -259 229 2 -414 -64 3 1
467 -462 -463 351.911 -288 -167 2 364 -324 1 2
468 -465 469 0 387 -331 1 -430 22 3 2
469 470 471 0 -370 -241 3 -424 188 3 2
470 -466 -467 3032.91 -138 -34 3 -384 264 1 2
471 -468 472 0 293 -119 2 338 204 1 2
472 473 474 0 69 300 1 63 -354 1 2
473 -469 -470 -2879.19 16 47 1 103 -14 1 2
474 475 -1032 763.338 333 72 2 4 -140 2 1
475 -471 476 0 -157 162 3 377 -108 1 1
476 -472 477 0 267 237 3 350 -225 1 2
477 478 489 0 329 240 3 358 -174 2 1
478 -473 479 0 107 313 1 288 176 1 1
479 -474 480 0 62 189 2 122 168 1 1
480 -475 481 -545.689 184 9 0 -46 -29 3 1
481 -476 482 -3112.48 -296 180 2 298 -139 2 2
482 483 -484 464.126 -26 -140 3 102 96 2 1
483 484 488 470.902 -73 68 1 -208 323 1 1
484 485 -481 2471.28 249 -122 0 109 -185 3 2
485 486 -480 -71.3183 409 90 1 37 31 2 1
486 -477 487 -3929.49 219 195 1 217 -51 0 2
487 -478 -479 592 30 -120 3 266 258 2 1
488 -482 -483 1226.31 153 102 1 -435 -323 2 2
489 -485 490 0 354 -353 2 -412 -205 3 1
490 491 499 0 -367 -293 1 351 -199 2 1
491 -486 492 0 219 191 0 97 157 3 1
492 -487 493 653.914 198 -164 2 -314 -227 1 2
493 -488 494 -1292.41 -28 -158 2 34 -207 3 2
494 495 -494 -179.548 -455 -167 1 -115 -19 2 1
495 496 -493 -2264.74 -37 309 2 214 -95 1 2
496 497 -492 -279.826 493 -153 3 -51 -32 1 1
497 498 -491 -1238.94 -161 -311 2 155 -208 1 2
498 -489 -490 -824.208 99 -293 2 -44 -55 0 1
499 -495 500 0 300 -239 3 -427 -27 2 2
500 -496 501 0 -161 265 1 -424 13 3 1
501 502 506 0 -446 205 3 -396 196 0 1
502 503 504 -2740.23 -45 -257 2 -403 -67 1 2
503 -497 -498 0 -166 -296 1 84 21 1 1
504 -499 505 -808.192 343 46 0 -221 -80 1 1
505 -500 -501 -592.838 -119 -281 1 -57 -67 2 2
506 507 508 0 -178 -259 1 -410 -188 0 1
507 -502 -503 2748.36 -142 -87 2 383 326 3 2
508 509 511 0 -89 338 3 309 232 0 1
509 -504 510 -3327.86 197 -247 3 -146 -38 1 2
510 -505 -506 1682.77 354 105 2 348 -340 1 2
511 512 515 0 28 240 3 -408 187 3 1
512 -507 513 227.032 -401 -51 1 196 -315 0 1
513 -508 514 -449.689 101 184 1 -374 118 0 1
514 -509 -510 -210.843 315 107 3 -291 137 2 1
515 516 1034 2737.52 347 -186 1 452 -165 1 2
516 -511 517 0 -473 -42 0 314 -231 2 2
517 -512 518 0 -75 292 2 323 -227 2 1
518 -513 519 0 -252 308 3 -422 -86 0 2
519 520 522 0 -120 -281 0 27 -342 2 2
520 521 -516 1899.62 118 -39 3 33 96 2 2
521 -514 -515 3170.07 70 -250 2 23 -56 1 2
522 -517 523 0 -428 315 2 -419 31 2 1
523 524 525 0 396 272 2 301 -228 3 2
524 -518 -519 -43.0652 -191 -16 0 275 -156 1 1
525 526 528 0 -417 -105 1 290 -225 1 1
526 527 -522 -97.7624 255 3 2 170 -165 2 1
527 -520 -521 582.205 -26 -192 2 -332 -273 1 2
528 529 532 0 255 -118 2 303 211 3 1
529 530 -526 -1372.91 -228 -264 1 123 146 2 2
530 531 -525 -191.63 333 280 2 278 -7 2 1
531 -523 -524 0 -382 -49 0 316 167 3 2
532 533 538 0 68 -266 1 -269 -351 1 1
533 534 -532 3036.76 -112 -77 1 266 -27 3 2
534 -527 535 -45.5892 7 367 2 -385 -61 2 2
535 536 -531 372.739 -103 -66 1 168 257 1 1
536 537 -530 0 -273 284 0 34 -269 2 1
537 -528 -529 -614.616 97 -3 2 -201 -117 1 1
538 539 545 0 -382 10 1 360 -158 2 1
539 540 544 -1154.66 -364 316 3 -50 -86 3 2
540 -533 541 -342.149 -316 -115 1 304 101 0 1
541 542 -537 341.776 92 -133 2 298 28 3 1
542 543 -536 162.272 329 -144 2 169 -145 3 2
543 -534 -535 1605.29 -90 54 2 -361 -144 2 2
544 -538 -539 209.62 -48 89 1 -188 325 1 1
545 546 552 0 -383 213 0 320 68 2 2
546 547 550 -3323.55 99 -261 0 164 145 1 2
547 548 -543 -868.736 -349 244 2 162 -105 1 1
548 549 -542 3517.38 -93 -147 2 493 237 1 2
549 -540 -541 1832.04 329 -73 1 166 224 3 2
550 551 -546 -532.582 -25 -91 2 -99 -60 2 1
551 -544 -545 -503.052 148 204 2 -175 -175 1 1
552 553 559 0 -435 174 2 50 -341 1 2
553 -547 554 -1471.2 493 -343 0 -258 39 3 2
554 -548 555 -104.395 -426 -38 2 145 -105 1 1
555 -549 556 0 89 147 1 -378 -73 1 2
556 -550 557 -2529.83 66 -41 2 -27 -40 1 2
557 558 -553 192.603 -374 -130 2 -71 248 1 2
558 -551 -552 107.644 73 -340 1 -376 275 3 1
559 560 562 0 472 13 0 266 -230 0 1
560 561 -556 -459.464 -469 -123 1 180 -148 1 1
561 -554 -555 -172.833 -469 111 0 -67 -143 2 1
562 563 565 0 -335 313 0 308 199 2 2
563 -557 564 -773.427 -412 48 2 263 174 2 1
564 -558 -559 -469.958 -253 247 1 -114 -67 1 1
565 -560 566 -937.574 -226 -91 2 17 -198 3 1
566 -561 567 0 442 -218 2 -396 -325 3 1
567 568 572 0 -130 302 1 -408 -169 0 1
568 569 -566 3206.05 -252 -135 1 -96 -291 2 2
569 -562 570 -2957.1 -485 235 2 -102 -7 1 2
570 571 -565 -241.867 238 -53 3 -102 -87 1 1
571 -563 -564 1516.71 -82 108 1 342 -129 2 2
572 573 582 0 -344 294 2 -347 -327 1 1
573 574 578 4080 -324 -247 1 -12 260 1 2
574 575 577 0 159 -221 1 33 -182 2 2
575 -567 576 373.732 -255 -67 2 334 333 1 1
576 -568 -569 332.987 -222 26 3 267 398 3 1
577 -570 -571 668.95 -51 31 1 161 -190 0 2
578 579 580 0 95 44 2 -371 -211 3 1
579 -572 -573 0 -499 366 0 123 -320 3 1
580 581 -576 1454.01 147 -145 1 -82 -160 1 2
581 -574 -575 -552.568 -394 -304 0 135 -43 2 1
582 583 585 0 171 -174 2 285 215 2 1
583 584 -579 0 -441 -174 3 -183 -144 3 1
584 -577 -578 -15.8171 -27 144 2 296 196 2 2
585 -580 586 0 -474 -294 2 -418 -31 2 2
586 587 588 0 297 -264 1 278 -196 2 1
587 -581 -582 939.984 186 -205 1 -242 0 0 1
588 589 591 0 -269 295 2 -413 79 1 2
589 590 -585 2436.94 -325 31 0 148 -225 1 2
590 -583 -584 -340.521 248 256 2 -408 102 3 1
591 592 605 0 -190 -198 2 280 -192 2 1
592 -586 593 994.379 192 -145 0 201 333 1 2
593 -587 594 -859.732 -234 51 1 -178 -170 1 1
594 -588 595 420.434 84 -68 2 -475 -139 1 1
595 -589 596 -3535.05 -260 79 1 -39 -124 3 2
596 -590 597 -3209.66 -390 -300 1 187 -178 1 2
597 -591 598 -690.044 -477 133 2 40 -95 2 1
598 599 -599 -426.406 -292 -6 1 -165 -165 0 1
599 600 -598 -1261.18 -437 148 0 246 17 2 2
600 -592 601 -699.602 129 -116 2 -204 -94 2 2
601 -593 602 1814 -111 -42 1 -449 334 1 2
602 603 -597 254.203 -37 -68 1 213 -41 2 2
603 -594 604 -319.979 297 -118 2 -198 130 1 1
604 -595 -596 2416.02 115 -79 0 -492 16 1 2
605 606 611 0 460 -247 3 -285 -332 2 2
606 607 608 0 -456 46 3 91 -308 0 2
607 -600 -601 -672.608 -460 294 1 61 29 1 2
608 609 610 0 -321 -233 3 -327 -146 1 2
609 -602 -603 587.279 62 -181 3 -160 119 0 2
610 -604 -605 468.416 -75 -327 2 399 -375 1 1
611 -606 612 0 -22 194 1 275 222 2 2
612 613 614 0 -241 -40 2 241 240 2 2
613 -607 -608 2507.88 73 -19 0 60 390 0 2
614 615 617 0 376 -44 1 207 -256 3 2
615 616 -611 -33.3086 -293 112 1 186 127 3 1
616 -609 -610 -480.252 265 -117 0 95 -43 3 1
617 618 621 0 -498 -269 2 254 -224 1 2
618 619 -615 2217.76 99 -206 1 -429 2 2 2
619 620 -614 -1013.75 -257 145 2 120 38 0 2
620 -612 -613 -922.781 480 -72 0 -108 -173 2 2
621 622 625 0 183 -285 2 -404 90 2 2
622 623 -619 533 -147 125 1 16 -239 3 1
623 -616 624 3368.45 -211 33 1 298 -4 2 2
624 -617 -618 0 -35 298 2 -390 -154 0 2
625 626 630 0 -319 -288 0 105 -329 1 2
626 -620 627 0 206 -128 2 -285 -66 2 2
627 -621 628 0 -378 -323 2 159 -121 1 2
628 629 -624 0 255 133 1 -255 -165 0 2
629 -622 -623 -233.785 -161 393 2 135 -195 3 1
630 -625 631 0 322 -92 1 -388 165 3 1
631 632 1033 2522.4 309 3 2 25 150 1 2
632 633 639 0 -365 247 0 -399 135 0 2
633 -626 634 -34.5209 -62 59 1 -277 109 1 2
634 635 -632 -477.558 300 -11 1 -108 -165 1 1
635 636 -631 -512.324 303 319 3 -28 46 0 2
636 637 -630 716.709 -57 -9 2 -300 -259 1 1
637 -627 638 76.5363 -368 5 2 175 282 3 1
638 -628 -629 120.004 -62 119 2 -81 45 1 1
639 -633 640 0 -330 280 1 127 -330 3 2
640 -634 641 0 -264 -314 1 -252 -323 2 1
641 642 1027 1020 -337 -78 2 -26 -213 1 1
642 -635 643 0 6 175 2 180 238 0 2
643 644 645 0 474 -54 1 -300 235 3 1
644 -636 -637 0 -378 28 1 -316 137 2 1
645 -638 646 0 -382 105 0 272 222 1 2
646 647 651 0 78 -56 3 225 229 2 2
647 648 650 0 -316 -125 3 246 -83 0 2
648 649 -641 551.346 -245 45 2 435 28 2 2
649 -639 -640 -1865.81 428 108 1 230 25 3 2
650 -642 -643 -651.226 399 -132 1 -95 -79 3 2
651 652 653 0 -236 347 2 -391 -318 2 1
652 -644 -645 1020 -1 -231 2 389 -303 3 1
653 654 1025 992.05 -369 -29 1 -379 277 1 1
654 -646 655 -2888.57 -57 -83 1 -155 125 3 2
655 656 657 0 231 -318 0 222 237 1 1
656 -647 -648 1827.35 -33 14 2 -91 279 2 2
657 658 661 0 140 -202 1 -59 237 2 2
658 -649 659 0 -120 341 1 -213 85 2 1
659 -650 660 0 319 199 2 206 -151 3 1
660 -651 -652 0 114 -318 1 -205 -33 2 1
661 662 663 0 261 -175 1 -377 215 1 1
662 -653 -654 -415.086 -44 -34 2 -361 160 1 2
663 -655 664 0 144 304 0 154 -328 0 2
664 -656 665 0 102 -213 0 300 208 0 1
665 666 669 0 -163 269 1 308 -179 2 2
666 667 -660 -495.806 481 -321 2 65 -69 1 1
667 -657 668 -1253.98 -489 -242 1 -132 -85 1 2
668 -658 -659 -1524.92 -292 -231 1 275 -71 2 2
669 -661 670 0 -259 325 2 248 -225 1 2
670 671 677 0 240 292 1 298 194 1 1
671 -662 672 0 -414 226 2 61 -164 3 1
672 -663 673 0 -228 -77 2 -84 -159 0 2
673 674 -668 -1123.03 -390 18 1 79 -36 1 2
674 -664 675 126.672 53 -95 2 -473 279 0 1
675 676 -667 -1865.14 -276 137 1 -78 26 1 2
676 -665 -666 -1293.73 188 238 1 -183 -43 3 2
677 678 681 0 304 -135 3 -281 -329 1 2
678 679 680 0 289 38 2 -323 9 1 1
679 -669 -670 0 205 -133 2 -338 -178 2 2
680 -671 -672 -1355.21 -76 218 1 -180 25 1 2
681 682 685 0 -349 -125 2 309 -86 1 2
682 683 684 -303.133 -406 -92 3 303 -111 0 1
683 -673 -674 252.335 198 77 3 -486 -309 1 2
684 -675 -676 -541.752 -136 180 3 -106 -46 2 1
685 686 688 0 255 7 1 -398 -289 2 2
686 687 -679 0 -438 -211 1 -200 -303 3 2
687 -677 -678 3091.74 -142 -211 3 163 214 3 2
688 689 690 0 -435 138 0 301 115 1 2
689 -680 -681 -1981.4 25 58 1 77 148 2 2
690 -682 691 -733.709 -170 -115 3 157 129 2 1
691 692 694 0 -100 292 1 223 -241 3 2
692 693 -685 -383.944 212 -250 1 118 -30 1 1
693 -683 -684 936.87 -200 -119 2 -473 -15 0 2
694 -686 695 -2375.06 -27 -134 0 193 -283 3 2
695 696 700 0 -185 -283 3 272 -210 2 1
696 -687 697 -888.714 -264 -195 1 98 -119 2 1
697 -688 698 -2486.04 279 104 0 88 -35 0 2
698 699 -691 -1099.14 495 -181 2 -81 41 1 2
699 -689 -690 -1053.84 197 253 1 241 13 2 2
700 701 713 0 -404 45 0 255 -193 0 1
701 -692 702 -904.473 439 -14 3 215 -141 1 1
702 703 -704 2516.95 240 17 1 319 296 3 2
703 -693 704 0 67 167 1 257 164 0 1
704 705 -703 955.765 73 -207 3 -399 -131 3 1
705 706 -702 3468.09 253 -53 0 24 -330 2 2
706 707 -701 866.655 -202 -201 2 -78 -333 3 1
707 708 -700 3485.01 -179 -177 0 -31 228 3 2
708 -694 709 -3690.24 -355 239 2 146 -140 1 2
709 710 -699 772.004 116 -145 1 -225 -182 2 1
710 -695 711 -3637.48 -179 -298 2 142 -133 3 2
711 712 -698 -1848.27 -442 247 2 150 -103 1 2
712 -696 -697 -866.177 418 -13 1 249 -40 1 1
713 714 715 0 -379 163 2 1 235 1 1
714 -705 -706 143.123 144 181 0 291 210 2 1
715 716 718 0 244 216 2 211 -245 0 2
716 -707 717 1767.04 59 -192 3 -119 218 3 2
717 -708 -709 1764.38 -57 -131 3 309 -196 3 2
718 719 720 0 -24 288 0 252 227 0 2
719 -710 -711 1829.2 192 169 1 -304 -314 0 2
720 721 722 0 -105 -248 1 183 -294 1 2
721 -712 -713 -1944.01 371 152 3 -180 -287 2 2
722 723 727 0 -360 176 1 274 198 3 2
723 724 726 0 99 330 1 12 -140 2 2
724 -714 725 0 -356 185 2 291 -165 3 2
725 -715 -716 -229.407 -75 63 1 -44 178 2 2
726 -717 -718 164.527 159 161 2 42 113 1 1
727 728 729 0 -169 253 3 263 215 2 1
728 -719 -720 1984.85 215 -18 0 336 -259 2 2
729 -721 730 0 193 70 3 -376 205 2 1
730 731 733 -899.253 -39 105 1 171 -99 2 1
731 -722 732 533.67 17 -31 2 24 -331 2 2
732 -723 -724 2992.46 72 -255 1 -98 59 1 2
733 734 748 0 -351 120 2 287 -29 1 2
734 -725 735 -3344.5 -224 7 1 183 161 2 2
735 -726 736 421.96 82 82 1 344 138 0 2
736 737 -739 1014.64 226 -140 0 170 317 1 1
737 738 -738 3795.44 -12 14 0 -442 258 2 2
738 -727 739 -628.693 377 146 1 -18 88 2 1
739 740 741 -930.87 -20 -236 1 228 -29 2 1
740 -728 -729 -2881.18 -476 -175 1 -158 -121 0 2
741 -730 742 -927.274 361 -5 0 134 -15 0 1
742 743 -737 -63.0448 -411 -54 2 242 62 1 1
743 744 -736 -1241.63 -7 -268 2 227 -84 2 2
744 -731 745 -879.234 -343 -39 0 -120 -119 2 1
745 746 -735 3492.2 -81 -101 2 475 164 3 2
746 747 -734 550.189 58 -105 3 -308 -142 1 2
747 -732 -733 213.336 -141 26 1 -411 257 0 1
748 749 753 10.1454 -47 -34 3 248 232 1 1
749 -740 750 0 267 146 2 -292 6 2 1
750 -741 751 0 393 208 0 136 50 2 1
751 -742 752 -136.493 18 -96 3 -83 -317 2 1
752 -743 -744 0 253 -83 2 -283 -207 3 1
753 754 1012 49.4561 265 -179 2 -427 -334 3 1
754 755 783 0 370 242 2 277 75 2 1
755 756 -773 777.217 269 -145 0 -60 -9 3 1
756 757 -772 0 468 250 0 52 114 2 1
757 -745 758 -859.934 269 -151 0 206 -71 2 1
758 -746 759 -3127.57 -364 -129 1 179 33 3 2
759 -747 760 -776.973 461 318 3 -7 -174 0 1
760 -748 761 -3023 -153 196 0 27 32 2 2
761 762 -771 857 247 42 2 466 324 3 1
762 763 -770 0 375 277 1 103 137 1 2
763 -749 764 655.288 151 45 0 435 -103 2 2
764 -750 765 -3599.53 -129 290 1 157 -8 0 2
765 -751 766 396.478 224 45 1 402 83 3 2
766 767 -769 958.826 -103 -4 1 -466 -140 0 1
767 -752 768 -1551.11 -24 -29 0 74 -56 0 2
768 -753 769 739.847 259 -125 1 74 -328 3 2
769 770 -768 -1197.31 340 338 2 197 -117 3 2
770 -754 771 -871.013 331 -47 2 38 -50 0 1
771 -755 772 -2949 -457 -22 3 -150 21 1 2
772 773 -767 613.161 197 129 3 226 -259 1 1
773 -756 774 -3234.03 -292 282 0 114 -142 2 2
774 775 -766 1031.41 -19 -161 1 273 43 2 2
775 -757 776 -2097.74 -419 228 2 106 176 1 2
776 -758 777 0 122 176 1 233 190 1 1
777 -759 778 -2654.43 423 208 2 -91 9 2 2
778 779 -765 -1103 108 245 0 -150 -4 0 2
779 780 -764 2281.17 -170 65 0 -330 -130 0 2
780 781 -763 -1708.75 305 -213 3 21 -64 2 2
781 782 -762 421.186 155 156 2 417 -95 0 1
782 -760 -761 1996.34 0 -174 3 -387 -232 3 2
783 784 1008 3961.59 -388 -184 2 335 -175 2 2
784 785 793 0 61 123 1 268 159 2 1
785 786 -782 -424 313 47 2 217 -111 2 1
786 787 -781 765.105 235 53 1 -267 318 2 1
787 788 -780 837.414 243 -39 1 252 286 0 1
788 789 -779 -243.078 -221 -223 2 -154 -64 1 1
789 790 792 2362.22 -176 118 2 -340 135 3 2
790 -774 791 2033.01 230 -114 1 -446 -262 2 2
791 -775 -776 1517.48 -47 -26 1 -203 286 2 2
792 -777 -778 2314.75 -60 -136 0 342 328 2 2
793 794 798 6.03446 -77 -76 1 -472 134 3 1
794 -783 795 -505.725 193 239 3 72 113 3 1
795 -784 796 0 331 -263 0 -268 103 2 2
796 -785 797 0 75 -370 2 -21 -277 1 2
797 -786 -787 -2114.71 178 -277 1 -250 -120 1 2
798 -788 799 0 347 -219 1 -401 -35 2 1
799 800 824 0 120 -222 1 -347 -250 3 2
800 -789 801 -1017.83 -414 212 1 23 -138 1 1
801 802 804 0 232 -343 1 93 106 3 1
802 803 -792 792.355 15 -265 2 76 -371 3 1
803 -790 -791 -3661.04 -494 -114 1 -346 -91 2 2
804 805 806 0 481 269 0 52 130 1 2
805 -793 -794 -1554.36 -256 -374 2 -28 106 3 2
806 -795 807 1320.79 -16 -20 1 56 342 0 2
807 -796 808 -4073.17 -350 -322 2 -95 -212 0 2
808 -797 809 -2411.94 -56 -75 2 -82 -36 1 2
809 -798 810 0 -343 108 1 98 86 3 1
810 -799 811 0 -463 105 1 31 139 2 1
811 812 -813 524.308 63 -309 0 -144 5 2 1
812 813 814 0 173 374 0 -116 139 2 1
813 -800 -801 0 192 116 3 -389 103 2 2
814 -802 815 0 140 -174 2 111 -188 2 1
815 816 817 0 135 218 2 70 -109 2 2
816 -803 -804 521.953 -173 -302 1 267 294 2 1
817 -805 818 0 137 -360 2 -382 122 1 1
818 819 823 -1297.63 116 100 2 -252 -183 2 2
819 820 821 -951.879 244 -46 1 31 5 0 1
820 -806 -807 2048.3 -256 -265 2 395 58 0 2
821 -808 822 -1519.27 69 247 2 -28 98 1 2
822 -809 -810 1836.7 -339 -194 3 -183 -303 3 2
823 -811 -812 0 -103 333 2 -373 126 2 1
824 -814 825 0 -488 -303 2 -372 -317 0 1
825 826 827 0 -427 24 1 -352 -316 3 2
826 -815 -816 38.7009 -359 -31 3 462 -89 2 1
827 828 830 0 499 44 2 -366 -276 2 2
828 -817 829 0 392 -34 2 -203 -299 2 2
829 -818 -819 0 -154 179 2 44 -286 2 1
830 831 835 0 -292 -24 2 267 -168 3 2
831 -820 832 -924.438 409 -131 2 -53 -127 1 1
832 833 -824 -245.549 475 -7 1 120 -121 2 1
833 -821 834 1593.1 -199 -61 3 -381 202 1 2
834 -822 -823 2191.32 159 -43 1 -457 -55 2 2
835 836 838 -65.6322 450 78 2 -378 196 0 1
836 -825 837 -994.018 454 238 3 -160 76 2 2
837 -826 -827 2630.1 -254 8 1 314 -273 1 2
838 839 1007 574.327 45 -322 1 102 -309 1 1
839 840 863 -811.035 -118 -43 1 -3 -217 3 1
840 -828 841 0 -161 257 1 -150 -283 3 2
841 -829 842 0 32 281 3 181 -257 0 2
842 -830 843 1020 -193 -160 3 -365 251 2 1
843 -831 844 0 -230 313 2 183 -144 0 2
844 -832 845 1020 -161 -195 1 -411 -273 1 1
845 846 847 0 -374 -285 2 -381 101 3 2
846 -833 -834 3815.09 -184 -3 2 269 -342 1 2
847 -835 848 0 198 -162 3 -362 133 0 2
848 -836 849 0 -373 282 0 105 -278 2 1
849 -837 850 0 149 -293 3 153 -274 2 1
850 851 -851 2968.77 5 -114 3 231 189 2 2
851 -838 852 0 477 126 2 -101 -274 1 1
852 -839 853 4080 -263 -131 3 -416 -184 1 2
853 854 -850 3916.09 -142 -21 1 -124 221 3 2
854 -840 855 -2497.51 84 115 3 136 -43 3 2
855 -841 856 -3059.48 -128 -12 3 103 91 2 2
856 857 -849 1000.53 -339 -24 1 481 -166 1 1
857 858 -848 2222.98 -365 -98 0 -137 36 2 2
858 -842 859 4080 22 -195 1 -332 -366 1 2
859 860 861 551.883 -85 99 1 280 268 2 1
860 -843 -844 237.389 -291 -231 3 198 -300 1 2
861 -845 862 4080 -145 -193 1 231 -160 2 2
862 -846 -847 -2190.41 -168 50 2 38 -232 0 2
863 864 867 0 168 -113 1 -351 -274 2 1
864 865 -855 -2559.92 -271 177 0 -200 -64 1 2
865 866 -854 4080 112 -298 0 -353 285 1 2
866 -852 -853 98.2116 -357 -99 0 442 152 1 1
867 868 886 0 -127 169 3 -294 -302 2 1
868 869 -874 4080 112 -233 2 -321 -179 1 2
869 870 879 0 305 185 1 84 35 1 1
870 871 872 0 142 146 2 -347 -312 2 2
871 -856 -857 -2217.29 -61 -175 3 -278 -318 1 2
872 -858 873 0 281 -72 0 -346 -64 3 1
873 874 -865 1934.8 -284 -291 3 150 -55 1 2
874 875 -864 802.62 -35 -208 2 -334 -162 1 1
875 -859 876 0 232 -188 3 -271 85 1 2
876 877 -863 -1268.41 -442 -128 2 -149 -142 0 2
877 -860 878 -866.355 140 202 3 67 -185 3 1
878 -861 -862 951.747 -11 25 1 383 342 2 2
879 880 -873 495.757 -13 -284 2 201 119 0 1
880 -866 881 -627.459 -146 221 3 -115 -286 3 1
881 -867 882 -2483.8 -342 392 1 -79 -281 1 2
882 883 -872 -399.47 75 83 2 -283 -106 3 1
883 884 -871 -1846.36 -198 169 3 8 -149 2 2
884 885 -870 1898.41 -268 -269 3 -388 -384 2 2
885 -868 -869 1212.64 45 34 0 -165 364 1 2
886 887 889 0 -49 -275 1 -134 -286 3 2
887 -875 888 0 -164 269 2 106 -227 1 1
888 -876 -877 0 357 -2 1 74 -225 2 1
889 890 896 0 294 168 1 55 -308 0 1
890 891 -884 0 -337 216 0 -239 -141 3 2
891 -878 892 -189.646 141 242 2 154 55 3 1
892 893 895 0 386 206 2 147 -30 0 1
893 894 -881 802.732 -21 4 1 -17 76 2 2
894 -879 -880 -1814.64 388 -69 1 53 -271 3 2
895 -882 -883 558.931 -278 -239 2 107 228 3 2
896 -885 897 0 -143 -217 0 -60 -303 1 2
897 898 899 0 -377 27 1 -384 145 1 2
898 -886 -887 -1882.22 256 276 0 -216 53 1 2
899 900 913 0 206 207 1 259 192 1 2
900 -888 901 327.949 227 -68 2 450 -50 2 1
901 -889 902 0 396 279 0 -34 -165 2 2
902 903 912 3389.38 -24 -18 2 -238 -268 1 2
903 904 -899 2116.82 -132 -81 1 62 194 0 2
904 905 -898 864.485 -10 22 0 283 89 3 1
905 -890 906 388.118 254 -13 2 -470 206 2 1
906 907 -897 2986.77 235 -109 0 172 -142 1 2
907 -891 908 555.956 -103 178 3 435 284 2 2
908 -892 909 -1872.52 329 21 3 238 112 2 2
909 910 -896 -714.599 42 99 1 -44 9 3 2
910 -893 911 421.973 -128 -35 2 -383 69 1 1
911 -894 -895 -1682.82 328 -326 1 132 96 1 2
912 -900 -901 452.381 -233 95 3 161 -320 1 1
913 914 924 0 248 -144 3 268 -29 1 2
914 915 -912 861.053 23 -128 2 -24 209 2 1
915 -902 916 1106.55 -69 -13 2 -58 267 3 2
916 917 -911 149.284 -28 -142 1 37 -16 1 1
917 918 -910 604.347 -43 174 0 -384 6 1 1
918 919 -909 3231.7 -95 -87 2 329 -229 2 2
919 920 -908 -1845.76 89 -319 1 179 -94 0 2
920 921 -907 3061.06 -194 -33 1 -404 282 1 2
921 -903 922 -3357.29 -83 -291 3 -31 -106 2 2
922 -904 923 -2094.72 360 147 2 -154 163 0 2
923 -905 -906 -306.241 495 277 1 -149 19 2 1
924 925 930 -3368.22 355 288 1 230 -180 1 2
925 926 929 -822.273 -285 154 0 192 -58 2 1
926 -913 927 -2027.25 -33 -251 3 254 -56 0 2
927 928 -916 -864 406 -360 2 -203 -179 2 1
928 -914 -915 -3537.51 137 -344 0 -201 -176 3 2
929 -917 -918 -990.02 440 134 2 -87 73 1 2
930 931 1003 708.692 246 179 3 -276 -166 3 1
931 932 933 -3616.45 333 -398 3 236 27 2 2
932 -919 -920 -568 -306 214 2 -87 24 0 1
933 934 941 0 257 154 0 -289 -291 2 2
934 -921 935 0 376 108 1 192 -268 1 2
935 -922 936 0 147 261 2 186 -280 0 2
936 937 -928 0 30 133 1 82 -258 1 1
937 -923 938 0 98 349 1 179 -294 2 2
938 -924 939 -3250.11 -220 9 1 -223 -249 0 2
939 -925 940 -3001.52 433 -96 1 -45 -18 1 2
940 -926 -927 0 -458 290 2 -345 14 1 1
941 942 946 0 396 -77 1 -84 -302 2 1
942 -929 943 0 168 70 1 -263 -223 1 1
943 944 -933 2369.67 -94 -164 3 163 265 2 2
944 945 -932 0 -222 177 2 -230 69 1 2
945 -930 -931 3411.21 157 -27 2 318 -368 3 2
946 947 950 0 -19 183 0 141 -296 1 2
947 948 949 145.294 37 -33 2 -108 -351 3 1
948 -934 -935 0 -267 278 1 174 -160 3 2
949 -936 -937 -2288.99 112 371 3 -92 -53 1 2
950 951 953 0 257 228 1 -299 -272 3 1
951 -938 952 -4068.76 -452 344 1 -162 -179 1 2
952 -939 -940 0 345 -57 2 81 29 2 2
953 954 955 0 257 106 0 -258 -285 2 1
954 -941 -942 1655.91 -204 62 2 -193 -381 3 2
955 -943 956 0 394 227 0 200 -289 1 2
956 957 998 749.848 252 -111 2 270 -76 2 1
957 958 961 0 382 -293 1 -265 -281 2 2
958 -944 959 0 235 202 2 129 -238 2 1
959 -945 960 -134.064 215 344 2 -28 87 3 1
960 -946 -947 195.542 118 -152 3 294 56 3 1
961 962 -985 3893.57 -170 186 2 7 -260 2 2
962 -948 963 0 313 312 2 -175 -295 2 2
963 964 969 0 -388 -35 2 -113 -288 0 1
964 965 967 0 -193 193 1 -232 -20 3 2
965 -949 966 1157.58 8 95 1 132 390 2 2
966 -950 -951 364.636 22 -26 1 -245 112 1 2
967 968 -954 0 -346 -134 1 181 -103 2 2
968 -952 -953 -40.5927 378 -82 2 -56 -98 1 2
969 -955 970 0 104 359 1 194 -275 0 2
970 -956 971 0 316 285 0 -229 -287 2 2
971 -957 972 0 -293 -131 3 -72 -286 2 2
972 973 996 2862.24 239 -180 2 346 -367 1 2
973 974 986 -627 -113 -145 2 -320 71 2 1
974 975 -970 1875.12 101 95 2 -311 -209 3 2
975 -958 976 0 -321 -329 0 -378 98 3 2
976 -959 977 2331.68 56 -12 1 50 -283 2 2
977 978 979 -896.398 141 161 1 -132 -67 0 2
978 -960 -961 973.008 -46 177 2 92 100 3 2
979 -962 980 -1638.83 -69 -14 0 -71 -134 2 2
980 -963 981 -683.136 -160 96 2 -194 42 1 1
981 -964 982 0 -13 -143 3 -304 220 3 1
982 983 -969 469.442 -179 183 1 145 154 3 1
983 984 -968 761.526 39 88 0 -377 140 3 2
984 985 -967 -292.257 -172 139 1 -201 9 2 2
985 -965 -966 -419.419 -409 -126 3 -152 126 2 2
986 987 988 0 -331 -220 2 268 157 1 1
987 -971 -972 -453.896 -97 235 1 -83 70 0 1
988 989 992 0 282 391 2 79 -280 2 2
989 -973 990 0 38 238 1 -252 -134 1 2
990 991 -976 0 291 -160 1 -222 -176 2 1
991 -974 -975 0 -120 -376 0 -231 -65 0 2
992 993 994 0 -498 -62 2 269 -116 1 2
993 -977 -978 -625.65 -415 201 2 -53 123 0 2
994 995 -981 0 -323 221 2 265 -166 2 2
995 -979 -980 -2349.06 -440 -295 2 48 -156 3 2
996 997 -984 197.864 -14 -213 2 -28 237 2 1
997 -982 -983 89.2639 -76 -208 2 -492 -7 2 1
998 -986 999 -257.004 -494 140 0 -161 139 3 1
999 1000 -991 3020.51 100 -132 2 -216 25 2 2
1000 1001 -990 3471.85 -56 -99 3 12 -225 2 2
1001 -987 1002 205.475 -82 12 3 -188 236 1 1
1002 -988 -989 2465.21 -215 -118 2 -421 -58 0 2
1003 1004 -996 593.119 -142 140 3 63 -209 3 1
1004 -992 1005 0 -255 181 1 -233 204 1 1
1005 -993 1006 -2794.48 499 -115 3 57 125 3 2
1006 -994 -995 962.16 -45 -34 0 371 -43 1 1
1007 -997 -998 0 -173 102 0 -317 -228 1 2
1008 -999 1009 0 -243 272 2 -335 123 2 1
1009 1010 -1003 2802.7 -115 -40 1 -463 -52 1 2
1010 -1000 1011 1020 55 -255 0 -145 235 2 1
1011 -1001 -1002 2520.23 -349 -50 2 480 286 1 2
1012 1013 1014 -831.163 -140 -188 3 267 -54 3 1
1013 -1004 -1005 228.924 -80 176 0 -494 124 2 1
1014 -1006 1015 -3255.31 55 54 3 -67 -68 1 2
1015 1016 -1017 0 -40 -231 3 198 105 1 1
1016 1017 -1016 639.496 276 -54 0 373 -9 3 1
1017 -1007 1018 -471.747 321 -276 3 -99 23 3 1
1018 1019 -1015 602.837 228 105 2 -379 312 3 1
1019 -1008 1020 -418.423 76 -330 3 -53 95 1 1
1020 -1009 1021 1309.2 48 -154 1 -429 -14 2 2
1021 -1010 1022 -944 -260 -156 3 80 -143 2 1
1022 1023 -1014 -1649.38 396 300 2 140 -170 1 2
1023 1024 -1013 507.829 -94 123 2 -72 -214 0 1
1024 -1011 -1012 -954.861 -18 -113 3 40 132 0 2
1025 -1018 1026 0 160 77 1 33 -269 2 1
1026 -1019 -1020 -905.042 -462 286 1 -210 32 1 1
1027 1028 -1027 6.39937 -343 27 2 30 -54 3 1
1028 -1021 1029 638.493 -266 -28 0 474 -343 2 1
1029 -1022 1030 0 0 -121 2 -37 -175 3 2
1030 -1023 1031 0 444 368 0 152 -182 2 1
1031 -1024 1032 4056.05 -252 -41 1 186 64 2 2
1032 -1025 -1026 4080 -346 -159 2 -200 355 1 2
1033 -1028 -1029 -334.329 234 -363 0 24 -157 2 1
1034 -1030 -1031 -933.723 174 -264 2 148 -130 0 1
1035 -1033 -1034 0 101 62 3 -296 -162 0 1
1036 -1036 -1037 -717.277 359 170 1 -233 66 2 2
1038
0 -231.833 -52.381 
1 -217.045 -55.0909 
2 -208.25 -52.7 
3 -223.367 -53.0667 
4 -192.5 -53 
5 178.2 -45.8 
6 182.46 -34.1494 
7 222 47 
8 8.66667 92.3333 
9 -2.5 79 
10 6.73077 82.5385 
11 -233.026 -38.5263 
12 159.261 -49.7391 
13 155.8 -58.8 
14 157.857 -64.7143 
15 158.286 -71.9524 
16 246.5 36.2273 
17 246.5 43.1 
18 139.7 -86.4 
19 140.438 -77.6875 
20 134.5 -83.8 
21 147.867 -72.7333 
22 -224.324 -42.1176 
23 -214.5 -42 
24 -205.672 -42.1379 
25 -194.731 -41.8462 
26 -4.2 72.9 
27 112.5 -73.6667 
28 98.5 -75 
29 91.3 -75.4 
30 -121 59.2778 
31 211.785 47.2769 
32 210.8 57.8 
33 206.8 61.2 
34 242.615 26.6923 
35 -120 56.5 
36 144.9 -72.2 
37 148.936 -62.0851 
38 150.4 -49.6 
39 190.375 -27.125 
40 -168.5 -58 
41 -233.5 -21 
42 -135.459 46.9865 
43 243.5 -27.5 
44 232.5 -27.5 
45 215.457 -27.2826 
46 38.9444 126.556 
47 50.7754 130.681 
48 54.1667 144.333 
49 44.5588 -100.412 
50 108.833 155 
51 65.8944 150.268 
52 -206 -31.8333 
53 -211.833 -32.1111 
54 -219.5 -32 
55 -227.167 -31.6667 
56 167.833 -65.6667 
57 -227.802 -9.44186 
58 -226.5 -22 
59 102.591 156.455 
60 102.409 145.545 
61 100.833 133 
62 238.5 -21.5 
63 245.5 -21.5 
64 84.0455 156.818 
65 65.5 137 
66 76.3182 156.818 
67 76.5 137 
68 90.5909 159.727 
69 88.5909 136.636 
70 84.142 145.889 
71 96.2692 139.615 
72 94.5 157 
73 96.0455 150.455 
74 153.867 -36.9067 
75 225 39 
76 139.654 -72.6154 
77 140.7 -60.2 
78 133.136 -73.6364 
79 146.237 -68.2632 
80 -182.5 -50 
81 -200.038 -32.4615 
82 -184.5 -42 
83 -184.5 -34 
84 -193.433 -33.4667 
85 30.3462 -103.308 
86 195.409 -23.0455 
87 179.109 -29.0677 
88 34.9545 119.909 
89 -66 -171.5 
90 77.3667 -86.7333 
91 -235.84 9.4 
92 -232.682 0.727273 
93 -169.667 -120.833 
94 -168.8 -136.3 
95 -98.3514 49.4189 
96 229.5 -22.5 
97 234.727 4.09091 
98 228.5 -14.5 
99 226.318 -5.77273 
100 238.404 -5.07917 
101 235 8.2 
102 -55.625 -159.125 
103 23 108.125 
104 -233.5 68 
105 -233.5 80 
106 243.367 28.8333 
107 242.418 13.4384 
108 240.929 40.2143 
109 231.129 9.87097 
110 241 13 
111 -224.5 81.7778 
112 -65 -159.5 
113 23.2209 91.6512 
114 194.706 60.4118 
115 237.188 15.9375 
116 225.789 2.47368 
117 229.152 26.7126 
118 -222.891 0.09375 
119 83.5 -76 
120 -228.5 73 
121 -229.214 64.5714 
122 93.7286 116.2 
123 94.5 130 
124 -213.5 -20 
125 14.5 95.5714 
126 -226.643 65.1429 
127 -65.1875 -152.875 
128 74.5 133 
129 -76.8235 -170.088 
130 -232.682 27.2727 
131 -232.346 19.3846 
132 66.7857 130.143 
133 126.567 -70.0667 
134 -177.5 -45 
135 -114.395 -140.684 
136 221.5 -19.5 
137 221.5 -6.5 
138 -164.286 -97.2143 
139 -161.52 -83.1 
140 208.8 -13.2667 
141 -187.5 -26 
142 -198.2 -25.9 
143 203.833 39.1667 
144 215.5 -21.5 
145 201.674 -19.3721 
146 211.2 -20.5 
147 -233.5 54 
148 -233.5 40 
149 -225.907 3.33333 
150 220.833 25.1667 
151 216.095 -7.02381 
152 213.177 12.9252 
153 211.273 25.5455 
154 -147.273 -167.591 
155 -142.4 -174.433 
156 106.5 -71 
157 -85.6364 28.5 
158 -99.2766 31.6064 
159 -109.2 28.1 
160 192.655 49.7931 
161 77.2647 125.941 
162 62.8953 123.744 
163 85.5 129 
164 23.9 103.8 
165 -218.405 71.2381 
166 -215.955 79.8182 
167 -116.375 50.5 
168 83.42 113.16 
169 85.5 123 
170 34.5 115 
171 59.5 116 
172 50.5 116 
173 43.5 116 
174 60.7727 -94.8182 
175 69.1364 -94.2727 
176 44.7381 -95.6667 
177 53.9 -95.2 
178 -169.5 -37 
179 86.5 96.0909 
180 70.5476 113.476 
181 71.1667 99.2222 
182 80.5769 91.4615 
183 82.0455 103 
184 69.7 117.8 
185 -165.302 -109.36 
186 -214.289 -9.15789 
187 -83 -175.5 
188 -81.0909 -161.955 
189 -83 -169.5 
190 219.5 -5.31818 
191 22.3462 -96.3846 
192 33.2895 -95.8421 
193 19.1667 -105.333 
194 -95.5844 -169.76 
195 -116 -175.136 
196 -111.179 -165.397 
197 -109.412 -174.088 
198 219.3 4 
199 -200.196 -15.5652 
200 -203.5 84 
201 71.8043 -81.6957 
202 17.5 85.3333 
203 157.765 -45.4706 
204 -205.5 75 
205 173 66 
206 181.818 65.7273 
207 -124 -172.5 
208 -134 -172.5 
209 -218.5 63 
210 -208.5 63 
211 -226.5 57 
212 87.4286 -58.7143 
213 77.2 -57.8 
214 -195.7 65.2 
215 -195 77.8333 
216 -189.955 78.9091 
217 -181.167 73.2667 
218 30.5 104 
219 -112.538 42.3462 
220 -121.143 42.6429 
221 82 -55 
222 -79 -156.5 
223 -161 -143.5 
224 -159.286 -156.5 
225 58.5 106 
226 48.5 106 
227 37.5 106 
228 222 34 
229 -163 -119.5 
230 -163 -126.5 
231 -163 -133.5 
232 -130 -165.5 
233 62.5 -88 
234 62.25 -77.9167 
235 47.5 99 
236 -78 -152.5 
237 -212.5 13 
238 -230.717 7.41304 
239 -220.307 19.5 
240 -213.045 -0.909091 
241 -231.227 14.8636 
242 -240.056 11.3889 
243 -225.538 7.92308 
244 -235.6 9 
245 -214.1 4.8 
246 164 66 
247 -190.4 70.3 
248 213.792 -3.70833 
249 209.738 -12.9762 
250 -170.5 79 
251 -228.5 37 
252 -228.5 49 
253 -105.684 -159.816 
254 -217.1 56.4 
255 -219.735 36.7059 
256 -219.5 48.3333 
257 -170.75 74.25 
258 158.462 61.1538 
259 172.236 49.6404 
260 53.2674 -76.5814 
261 53.6176 -88.5294 
262 47.5 97 
263 -9.86111 66.2222 
264 163.25 -40.75 
265 170.75 -31.5 
266 141.5 -48.5 
267 147.273 -42.8182 
268 155.5 -32 
269 149.73 -33.1283 
270 160.955 -31.0909 
271 170.5 -30 
272 166.5 -35.2 
273 162.714 -24.5714 
274 193.6 16.2 
275 193.72 14.378 
276 204.269 -21.5385 
277 195.7 7.1 
278 200.544 -2.54851 
279 195.067 -13.4 
280 194.4 23.2 
281 202.286 22.8571 
282 211.952 33.4677 
283 -60 -142.786 
284 216.892 34.3243 
285 209.958 34.9583 
286 -58 -134.5 
287 -76.8421 -145.5 
288 -69.4583 -136.5 
289 -67.6364 -146.227 
290 -77.2727 -137.318 
291 78.9211 82.6842 
292 139 64 
293 150.519 64.7037 
294 204.529 30.7059 
295 56.7414 89.3103 
296 37.6961 89.6275 
297 42.4 -72.8 
298 42.0185 -87.3704 
299 153.818 55.7273 
300 145 56 
301 200.014 38.6351 
302 202.1 25.26 
303 65.9615 82.0769 
304 31.569 81.8276 
305 53.0385 81.9231 
306 195.615 29.4615 
307 193.5 41.5 
308 188.618 36.2059 
309 -151.2 -138.9 
310 -148.545 -142.409 
311 -152.298 -154.356 
312 3.83333 68.3333 
313 -211.5 41 
314 -211.5 54 
315 -153.5 82 
316 121.286 61.5714 
317 130.091 62.2727 
318 -165.071 -26.619 
319 -181.259 -24.7048 
320 -183.833 -43.3 
321 -169.5 -49 
322 -39.1389 68.7222 
323 -201.235 51.2229 
324 -139 37.5 
325 191.789 33.8421 
326 181 34 
327 190.722 30.2778 
328 -192.043 49.2286 
329 -189.227 60.1818 
330 188.471 25.3529 
331 -204.594 3.08207 
332 -12.1923 57.7692 
333 -19.625 57.625 
334 -158.5 -50 
335 66.8448 69.8966 
336 -204.833 14.6667 
337 -203.531 29.3128 
338 -194.214 14.5714 
339 186.476 -9.7619 
340 177.333 -31.8333 
341 185 18 
342 183.125 13.25 
343 176.727 12.6364 
344 182.348 5.95652 
345 176.321 -3.35714 
346 181.363 -11.0149 
347 180.2 0.2 
348 198.357 -17.4286 
349 188.8 8.8 
350 188.955 5.72727 
351 -171.1 67.6 
352 137.167 -45.375 
353 182.9 27.7 
354 181 27 
355 177.911 18.9074 
356 179.203 41.5541 
357 -173.833 12.1609 
358 139.933 -38.9667 
359 87.4259 -50.3519 
360 -3.5 60 
361 21.8077 65 
362 14.0424 65.5085 
363 10.3 73.2 
364 18.7 77.4 
365 40.5 -37.5 
366 -125 37.5 
367 -113 37.5 
368 -101 40.5 
369 -91 40.5 
370 154 48 
371 44.1916 71.0748 
372 27.5 74 
373 29.5 65 
374 71.1522 55.2609 
375 52.3377 55.6494 
376 34.3696 56.2174 
377 -86.4 -154.1 
378 -85 -146.5 
379 136.538 53.3077 
380 -146.803 -54.2424 
381 -142.962 -46.6154 
382 -150.1 -46 
383 -179.468 46.4049 
384 -173.3 34.6 
385 -186.471 8.05882 
386 12.3421 -106.789 
387 12.5 -98 
388 -153.191 71.3086 
389 153.792 33.3611 
390 -150.5 56.9444 
391 -127.37 59.4783 
392 -126.962 69.0769 
393 -160 58.5 
394 -157.567 51.3333 
395 -135.9 58 
396 -141.007 70.8955 
397 -140.152 53.3043 
398 -125.567 77.0667 
399 -128.167 52 
400 -133.324 80.2353 
401 50.3 80.6 
402 38.5 81 
403 180.397 -18.2759 
404 31.5 -75 
405 31.5 -85 
406 20.3 -88.2 
407 -181.278 2.44444 
408 -181.5 -6 
409 -183.947 26.2237 
410 168.492 17.3577 
411 164.313 40.0625 
412 34.4333 -64.3333 
413 -194.241 -12.0741 
414 -179.94 -13.36 
415 160.474 -25.1466 
416 -153.217 -132.63 
417 -62.1786 -124.214 
418 128.775 -29.9272 
419 171.902 -8.71739 
420 167.385 -25.7115 
421 111.091 59.7273 
422 -201.4 20.55 
423 156.471 2.76373 
424 -42.8704 -22.7778 
425 -19.2692 -22.6923 
426 134.429 42.8571 
427 125.895 43.6316 
428 129.628 34.8605 
429 131.634 5.62844 
430 35.25 -46.25 
431 9.21429 -96.1429 
432 115.867 11.2667 
433 117.833 17.5 
434 110.387 25 
435 118.4 25.6 
436 109.818 17.1818 
437 119 2 
438 15.9167 56.5 
439 -198.389 24.7222 
440 -198.433 8.36667 
441 -104.8 -143.1 
442 -99.2857 -154.929 
443 -92.7143 -154.071 
444 -94.0816 -143.867 
445 -104.909 -152.955 
446 -150.382 -28.5882 
447 -163.796 1.77434 
448 100.088 -49.2353 
449 23.3462 -70.6154 
450 131.163 45.0096 
451 132.833 28.9167 
452 11.9 -84.8 
453 12.5 -77 
454 12.5 -68 
455 -128 -162.5 
456 -140 -162.5 
457 -155.929 -36.7143 
458 -144.5 -39 
459 -145.1 -31.8 
460 149.176 0.162162 
461 -195.346 -0.730769 
462 -191.603 24.3103 
463 -193.346 10.1154 
464 -175.227 25.4545 
465 -169.5 26 
466 -173.889 44.9167 
467 -161.409 40.5455 
468 106.577 60 
469 -140 -158.5 
470 -123.333 -158.167 
471 123.5 1.5 
472 107.7 -48.2 
473 115.385 1.46154 
474 116.8 -8.2 
475 112.5 -15.3333 
476 115.1 -14.5 
477 111.1 -6.9 
478 114.479 -24.4681 
479 111 -12.75 
480 126.5 -11 
481 111.955 -1.77273 
482 126.773 -3.81818 
483 126.5 3 
484 111.409 3.68182 
485 -154.5 -27 
486 108 -19 
487 117.682 -39.2727 
488 102.318 -39.7727 
489 107.65 -27.15 
490 113.694 -32.6111 
491 117.643 -23.7143 
492 102.7 -32.9 
493 103.5 -55 
494 102.938 -25.0625 
495 -165.088 27.2353 
496 -163.5 28.1 
497 -162.591 49.3182 
498 -170.423 48.4231 
499 -152.667 51.3333 
500 -152.132 40.3772 
501 -135.227 46.1818 
502 -163.682 -11.9545 
503 -148.9 -19.6 
504 94.7368 54.3684 
505 107.286 54.8571 
506 119.412 55.3529 
507 -148.75 39.125 
508 -162 -7.5 
509 -166.588 39.5147 
510 -155.955 38.7273 
511 84.2273 -50.3636 
512 92.2692 -46.4615 
513 -164.026 22.4474 
514 -148.5 -142.6 
515 -140.375 -152.125 
516 -131 -154.357 
517 -163.674 22.1957 
518 77.6818 -49.0909 
519 68 -51.5 
520 59.82 -49.36 
521 80.9667 -44.6667 
522 100 -46.1071 
523 84.2907 65.9535 
524 72.5 69.5 
525 72.2273 61.8182 
526 94.4412 63.7647 
527 -184.5 -148 
528 -158.864 -146.273 
529 -144.367 -145.533 
530 -167.667 -146.667 
531 -176.722 -147.889 
532 -192.25 -148.75 
533 110.714 -19.3571 
534 113.318 2.72727 
535 112.8 9.15 
536 113.5 -5 
537 112.5 17.5 
538 127.5 10.4 
539 127.5 18.2857 
540 81.8 -18.2 
541 93.2549 -24.3333 
542 76 -17.3636 
543 78.7368 -26.4737 
544 70.5 -19.2059 
545 82.0593 -21.6525 
546 93.1127 2.5755 
547 -137.045 -137.909 
548 -109 -149.5 
549 -138 -145.5 
550 -142.295 -138.026 
551 -129.227 -138 
552 -116.162 -143.641 
553 -131 -147.5 
554 42.8333 -52 
555 34.2273 -51.8182 
556 51.1 -52.2 
557 67.0811 24.4595 
558 66.3 40.0667 
559 76.5 52 
560 -74.9268 -73.4512 
561 -194.5 -131 
562 -163.5 7.5 
563 -161.192 -2.80769 
564 -149.1 -11.82 
565 -145.409 5.45455 
566 -167.318 -0.136364 
567 -158.5 -140.185 
568 -157.177 -128.169 
569 -148.3 -123.8 
570 -188.654 -137.769 
571 -178.732 -131.516 
572 -130 -137.5 
573 -139.538 -136.269 
574 -113.294 -136.735 
575 -123.778 -135.944 
576 -105.6 -134.1 
577 56 38 
578 45.4286 37.5714 
579 57.443 68.5696 
580 -161.674 22.8043 
581 53.9041 -28.6544 
582 68.5 -28.5 
583 -151.5 17 
584 -166.658 21.9211 
585 -151.5 29 
586 76.5 -13 
587 41.2727 -7.90909 
588 60.2727 -50.4091 
589 65 -8 
590 50.7273 -8.09091 
591 51.5 -13 
592 36.7 -13.7 
593 48.5385 -50.7308 
594 38.7857 -29 
595 48.6333 -19.6333 
596 62.5 -29 
597 35.1429 -50.3571 
598 60.5 -13.5 
599 64.5 -13 
600 -95.0263 -129.368 
601 -87 -136.3 
602 -140.5 -128 
603 -131.5 -128 
604 -111.5 -128 
605 -121.5 -128 
606 43.6667 74.1667 
607 49.0385 48.0769 
608 62.2692 48.0769 
609 22.7281 -54.1228 
610 11.5 -51 
611 12.7308 -60.6923 
612 29.5 -46.4 
613 22.4714 -49.4857 
614 15.1667 -60.6667 
615 37.5 -46 
616 -150.408 7.21538 
617 -157.1 22.9 
618 -158.5 30.5 
619 -141.5 -21 
620 -87.5 -122 
621 -32.8333 -121.667 
622 -57.8333 -125.067 
623 -72.3491 -125.906 
624 -45.9286 -123.571 
625 -141.07 18.7808 
626 -136.5 9 
627 -151.786 0.5 
628 -152.808 -12.8462 
629 -136.5 -2.6 
630 -151.318 8.77273 
631 -136.833 -2.33333 
632 -135.5 -14.4 
633 -92 -133.5 
634 -56.5 -118 
635 -41.625 61.75 
636 -81.7857 39.5714 
637 -54.7857 59.8571 
638 36.7727 73.6364 
639 29.9 79.8 
640 22.5 80 
641 13.5 80 
642 5.1 80.2 
643 -3.79412 79.8824 
644 -192.357 -114.714 
645 -152.8 -124.7 
646 -64 -38.3571 
647 49.1842 45.6316 
648 30.3462 48.2308 
649 -22.787 49.4444 
650 16.5 49 
651 -7.5 49 
652 2.5 49 
653 -118.093 71.7326 
654 -134.5 29.5 
655 -92 -131.5 
656 62.5278 44.6111 
657 62.2876 -13.1593 
658 78.9 0.4 
659 72.5 -2 
660 59.9333 -42.7 
661 13.9762 -48.5238 
662 58.2 17.6 
663 57 25 
664 76.5 43 
665 54.9259 45.2593 
666 66.3 45.45 
667 61.0455 18.9091 
668 65.9286 54.2857 
669 -140.5 -122 
670 -128.5 -122 
671 -102.5 -122 
672 -116.5 -122 
673 75.8333 32.6667 
674 64.268 6.48653 
675 79.1667 23.6667 
676 78.5 31.6667 
677 -155.8 -117.1 
678 -156.154 -109.5 
679 -156 -97.9444 
680 68.4091 10 
681 55.8026 2.87821 
682 49.3974 38.8718 
683 29.5 -36.4706 
684 -16.25 -55.25 
685 28.2273 -44.8182 
686 -57 -108.184 
687 30.2 -27.4 
688 25.3182 -32.5909 
689 25.5385 -43.5 
690 38.2 -32.45 
691 39.5 -39 
692 30.1538 -11.6154 
693 26 -13.1818 
694 26.3 -19.8 
695 19.8095 -23.1905 
696 16 -17.2 
697 21.1554 -31.287 
698 15.7727 -31.7727 
699 25.9 -18.3 
700 12 -16.4 
701 10.7273 -25.3636 
702 20.2333 -29.7 
703 16.875 -30.875 
704 16.8462 -12.3846 
705 12.5 43 
706 -25.3158 46.1579 
707 21.6333 -40.7333 
708 16.0263 -42.6842 
709 -18.7 -56.6 
710 36.4231 65.9231 
711 19.5 75 
712 -6.92105 -112.789 
713 -3.36441 -100.068 
714 49 19 
715 48.4762 29.6667 
716 36.3441 25.7527 
717 44.689 53.3323 
718 57.3 61.2 
719 30.9 69.6 
720 38.6389 56.5 
721 -119.684 55.5306 
722 -55.8 -93.1 
723 -67.1719 -84.1797 
724 -61.8667 -80.1 
725 48.2667 1.13333 
726 57.2447 37.7872 
727 58.2778 27.8889 
728 39.6765 17.2647 
729 46.6818 18.7727 
730 41.3 31.85 
731 46.4138 10.931 
732 52.9545 -0.181818 
733 55.8529 -7.88235 
734 42.0697 -7.42628 
735 51 7.8 
736 21.314 4.7907 
737 56.96 12.68 
738 44.1923 9.88462 
739 34.8333 -14.3333 
740 -94.9444 -96.4444 
741 -47.8333 -114.867 
742 -83.0333 -115.8 
743 -85.6111 -105 
744 -73.5638 -111.213 
745 21.7222 12.7222 
746 37.6379 9.93103 
747 31.3571 3.92857 
748 30 7 
749 44.7619 7.95238 
750 30.8636 42.2273 
751 45.8333 9.33333 
752 21.2778 -10.6111 
753 21.0385 13.5769 
754 21.6 1.8 
755 30.375 30.125 
756 31.4655 11.0862 
757 46.6111 35 
758 45.3462 42.3077 
759 31.8478 23.3913 
760 29.3235 -5.26471 
761 31.5 -13 
762 28.6471 -17.7353 
763 29.6154 -33.3462 
764 8.71739 -1.47826 
765 46.0714 20 
766 29.4231 15.1923 
767 28.9167 -26.75 
768 10.1 6.8 
769 29.9667 37.1 
770 21.5 -23.3 
771 44.6304 28.9565 
772 21.5 -42.5 
773 21.5 -31.3667 
774 36.0455 26.1818 
775 37.1 11.4 
776 24.8909 5.43636 
777 19.4615 -32.8846 
778 21 -14.7308 
779 36.5 18 
780 26 18.2727 
781 36.3571 35.4286 
782 37.1364 26.9091 
783 -45.6111 -54.8889 
784 -71.0385 -63.7692 
785 -50.5 -73.7778 
786 -54.5 -62.6 
787 -38.3966 -56.5862 
788 -139.214 -38.0238 
789 -138.571 -57.0714 
790 -140.8 -56.7 
791 -135.6 -63.3 
792 -139.4 -70.7 
793 -145.5 -58 
794 -145.5 -47 
795 -139.778 -123.648 
796 -138.364 -79.2576 
797 -187.6 -90.9 
798 -139.2 -87.1 
799 -157.5 -48 
800 -190.5 -48 
801 -176.5 -48 
802 -139.441 -105.294 
803 -148.462 -103.038 
804 -148.897 -114.052 
805 -187.5 -62 
806 -154.371 -70.8387 
807 -149.3 -63.2 
808 -147.5 -82.625 
809 -170.037 -95.674 
810 -185.3 -84.6 
811 -173.667 -60.6667 
812 -162.688 -61.4375 
813 -137.714 -119.5 
814 -130 -125.5 
815 -111 -124.5 
816 -121.692 -124.115 
817 -127 -109.5 
818 -127 -94.5 
819 -127 -83.5 
820 14.4091 -43.5 
821 -1.36957 -12.087 
822 18.975 -25.775 
823 21.7203 2.22034 
824 36.1154 4.15385 
825 -135.545 0.318182 
826 -118.333 47.8333 
827 -134.125 48.375 
828 -108.884 -91.8721 
829 -72.4 -63.1 
830 -126.909 -72.9545 
831 -61.8462 -48.7308 
832 -120.8 -79.5 
833 -139.091 -49.5 
834 -139 -38.5 
835 -124.519 -35.8951 
836 -102 -82.5 
837 -97.0909 -78.2273 
838 -108.909 -78.2273 
839 -128.4 -73.3 
840 -81 -30.9 
841 -113.571 -30.0714 
842 -90.1176 -72.5588 
843 -88.7143 -28.7857 
844 -86 -38 
845 -111.077 -75.1923 
846 -130.824 -53.3824 
847 -103.756 -52.2091 
848 -126 -63.1667 
849 -118.182 -57.3182 
850 -108.824 -59.9706 
851 -103.769 -23.8846 
852 -110.545 -97.6818 
853 -117.6 -96.7 
854 -114 -110.5 
855 -111.333 -84.4524 
856 -104 -126.5 
857 -104 -118.5 
858 -104.308 -109.962 
859 -103.545 -101.299 
860 -93.3 -110.2 
861 -86.7061 -121.355 
862 -95.625 -116.542 
863 -101.048 -110.548 
864 -82.7619 -107.881 
865 -108.808 -115.769 
866 -119.026 -97.3158 
867 -125.591 -100.091 
868 -131.123 -110.403 
869 -132.214 -97.1429 
870 -140.357 -98.1429 
871 -118 -113.25 
872 -119.206 -105.706 
873 -140.5 -107.545 
874 -68.9 -113.733 
875 -87.25 -113.125 
876 -114.957 -89.8571 
877 -134.114 -87.7368 
878 -39.1667 -115.333 
879 -40.5 -102 
880 -43.9595 -109.919 
881 -48.1 -103.2 
882 -62.2333 -107.96 
883 -83.7857 -104.429 
884 -24.2615 -109.807 
885 -46.3095 -99 
886 -132.5 32.6429 
887 -139.25 1.89286 
888 -9.94444 23.5556 
889 17.3846 16.3077 
890 26.6429 53.2857 
891 32.7 51.0667 
892 25.9 45 
893 32.3 47.4 
894 12.0769 13.0385 
895 28.55 39.7 
896 36.1 42 
897 20.3667 42.3 
898 13.4333 43.6333 
899 14.0714 47.9286 
900 24 27 
901 17.2857 25.5714 
902 10.6667 -0.166667 
903 11.8636 5.04545 
904 0.552632 5.15789 
905 19.8 34.6 
906 14.3889 10.037 
907 10.1667 19 
908 33.3 57.8 
909 12.5769 -3.65385 
910 0.0882353 9.88235 
911 -0.318182 -3.27273 
912 10.9118 -9.97059 
913 14 -2 
914 -10.1429 -0.714286 
915 -1.30081 -9.42276 
916 5.28571 -22.4286 
917 4.58824 -29.5882 
918 -6.53659 -28.0244 
919 14.5909 21.7879 
920 5.97059 12.5882 
921 -61 -99.5 
922 -68 -100.5 
923 -74 -100.5 
924 -80.6667 -99.6667 
925 -86.6 -98.4 
926 -104 -99.1667 
927 -96.5283 -91.4057 
928 -125.625 -84.625 
929 -74.629 -96.6774 
930 -43.1 -96.6 
931 -34 -96.75 
932 -20.125 -96.375 
933 -54.5 -96 
934 -19.5 -91 
935 -30.5 -91 
936 -51.3889 -91 
937 -40.6333 -91 
938 -90.4828 -85.3966 
939 -107.44 -73.2033 
940 -130.338 -72.5676 
941 -74.8818 -85.5455 
942 -58.625 -84.25 
943 4.5 -84 
944 -65.5 -75 
945 -91.7941 -75.1176 
946 -82.9 -74.8 
947 -75.1154 -75.1538 
948 -27.5 -87 
949 -35.5 -83 
950 -44.9 -82.8 
951 -51.5 -83.4 
952 -4.35714 -83.2857 
953 -12.9615 -82.6923 
954 -23.5 -83 
955 1.5 -73 
956 -36.5 -79 
957 -15.5 -79 
958 -117 38.1667 
959 -107.917 39.25 
960 -98.5 38.4 
961 -99.5667 45.7333 
962 -89.5909 37.2727 
963 -89.8846 52.1538 
964 -78.3 69.2 
965 -74.0812 50.8482 
966 -66.5 39 
967 -84.8333 43.3333 
968 -73.8333 64.1667 
969 -95.7727 42.5455 
970 -96.6538 69.8462 
971 19.7647 -16.7353 
972 21.4512 22.2439 
973 -56.6667 -75.1667 
974 -35.3696 -75 
975 -23.5 -75 
976 -12.5 -75 
977 13.5 -19.5 
978 13.625 -29.875 
979 19.6667 8.5 
980 9.26923 -14.3077 
981 -49.4729 -2.1066 
982 16.8 -9.15 
983 4.86364 -42.5909 
984 -2.07143 -36.7857 
985 -83 21.6667 
986 25.9615 15.0769 
987 2.88462 -8.88462 
988 1.7069 4.07759 
989 -5.3 -2.3 
990 -2.5 -12.5 
991 4.8913 -21.9348 
992 12.9091 29.3636 
993 4.6 18.6 
994 14 15 
995 6.6 7.8 
996 6.94118 24.1765 
997 -127.625 -118 
998 -103.269 -117.769 
999 -149.333 -48.1667 
1000 -150 -56.5 
1001 -152.296 -70.3148 
1002 -151.892 -84.3108 
1003 -149.368 -95.3947 
1004 37 2 
1005 30.1818 2.27273 
1006 25.7 -2.1 
1007 31.8077 -17.6923 
1008 -4.66667 -24.8333 
1009 47.1 -5.6 
1010 22 2 
1011 38.6818 -3.18182 
1012 24.0865 -15.7596 
1013 30.2 -39.1 
1014 34.3387 -7.48387 
1015 20.8824 -44.049 
1016 37.15 -5.1 
1017 20.3 -50.3 
1018 -147.778 -89.6111 
1019 -149.6 -61.5 
1020 -141.889 -66.0556 
1021 -121.455 -0.409091 
1022 -112.727 2.31818 
1023 -98.8 12.2333 
1024 -120.125 8.8125 
1025 -98 20.5 
1026 -111.735 17.5602 
1027 -121.172 -8.81034 
1028 68.8514 3.51351 
1029 78.2778 -6.44444 
1030 108 -5.26667 
1031 103.25 -17.9265 
1032 110.536 52.0476 
1033 -177.058 -0.181159 
1034 -182.054 26.3615 
1035 68.75 42.25 
1036 -228.736 19.7358 
1037 -222.667 29.6667 
