975
0 0 1 0 -1 243 1 -127 315 3 1
1 2 3 0 -292 -328 0 390 -251 2 1
2 -1 -2 218.384 247 23 1 -362 -281 2 1
3 4 14 0 29 380 2 -172 268 0 1
4 5 6 0 -279 71 1 -197 68 1 1
5 -3 -4 -737.957 388 331 3 140 176 2 1
6 -5 7 0 -261 302 1 114 293 3 2
7 -6 8 -1693.73 35 266 2 82 260 1 2
8 -7 9 -2930.57 347 189 2 -52 172 1 2
9 -8 10 -2198.99 -55 375 1 207 -49 2 2
10 11 -13 -443.75 -109 -147 2 -50 -100 2 1
11 -9 12 -2188.67 -338 -208 2 195 -28 2 2
12 -10 13 -586.165 3 324 1 -126 239 3 1
13 -11 -12 -1901.12 377 283 3 112 50 2 2
14 -14 15 0 437 -167 2 445 -188 1 1
15 16 18 0 156 350 3 393 246 1 1
16 17 -17 -3682.97 -195 103 1 350 -99 2 2
17 -15 -16 0 -242 -308 0 417 -100 2 2
18 19 20 0 465 -237 1 472 -199 3 1
19 -18 -19 0 -308 176 1 487 49 1 1
20 21 22 0 -447 20 2 -161 306 3 2
21 -20 -21 672.527 170 156 1 -353 -212 0 1
22 23 24 0 237 237 1 -361 250 2 1
23 -22 -23 0 -416 -180 1 131 -79 1 1
24 25 26 0 19 265 1 274 326 2 2
25 -24 -25 3058.03 274 257 2 -209 -229 0 2
26 27 28 0 -347 262 1 -156 286 1 2
27 -26 -27 2386.7 41 -47 1 -313 12 1 2
28 29 30 0 -100 -321 1 -311 250 1 2
29 -28 -29 998.888 -96 -34 0 -126 188 3 2
30 31 32 0 -376 -27 3 -477 -188 2 2
31 -30 -31 -606.423 283 -24 0 17 13 0 1
32 33 36 -342.397 -91 277 3 470 183 0 1
33 -32 34 841 449 -50 0 -166 -160 1 1
34 35 -35 -1241.22 -386 -226 0 236 103 2 2
35 -33 -34 907.719 449 -128 3 -483 223 2 1
36 37 38 0 447 -298 3 -459 -232 1 1
37 -36 -37 -104 165 -242 3 -135 -155 2 1
38 -38 39 0 317 -214 1 -268 249 0 2
39 -39 40 0 112 -37 3 486 89 3 1
40 -40 41 0 320 94 1 487 -187 2 1
41 -41 42 0 459 42 0 466 213 1 2
42 -42 43 0 305 -333 0 -180 268 2 2
43 44 45 0 -283 377 1 -198 259 2 2
44 -43 -44 0 377 -174 2 196 -85 1 2
45 46 47 0 -314 320 3 252 -294 0 2
46 -45 -46 0 -278 -12 3 266 -108 2 2
47 -47 48 0 351 138 0 189 -367 1 1
48 -48 49 0 254 -107 2 -189 261 1 1
49 50 53 0 -407 -172 1 413 -210 0 1
50 51 -52 -27.7944 347 28 3 64 -114 0 1
51 52 -51 3093.15 351 1 2 -30 -280 3 2
52 -49 -50 3601.96 406 -181 1 -479 -350 2 2
53 -53 54 0 -330 118 3 -212 248 1 1
54 55 57 0 41 -209 0 455 -193 1 1
55 56 -56 19.8492 480 -110 2 -469 10 1 1
56 -54 -55 3086.53 98 -174 1 -362 182 2 2
57 58 63 0 168 354 1 35 327 1 2
58 -57 59 0 -223 -153 3 276 198 1 1
59 -58 60 -71.88 180 -157 0 267 350 1 2
60 -59 61 -3516.88 303 261 2 159 164 3 2
61 -60 62 85.7256 -129 25 1 -16 357 2 1
62 -61 -62 0 -374 166 0 -144 -43 2 1
63 64 65 0 330 177 2 175 -369 2 1
64 -63 -64 1978.2 -234 -124 0 -141 337 2 2
65 -65 66 0 233 120 1 184 -355 2 2
66 67 69 0 -144 81 1 284 283 1 1
67 68 -68 826.205 253 279 3 290 232 0 2
68 -66 -67 445.87 -36 -7 2 -123 -171 1 1
69 -69 70 0 235 -318 2 410 -218 1 1
70 -70 71 0 -69 163 1 -469 -227 0 2
71 72 -975 10.7752 265 314 0 289 43 1 2
72 -71 73 0 -424 269 1 -13 323 3 2
73 -72 74 0 319 165 1 488 -170 0 2
74 75 76 0 -257 -106 2 227 -308 1 1
75 -73 -74 111.093 -162 40 0 218 350 2 1
76 -75 77 0 385 -285 1 429 -197 2 1
77 -76 78 0 334 -3 3 478 -63 2 2
78 79 81 0 58 313 0 -408 -327 2 2
79 -77 80 1007.25 -170 -257 1 247 217 1 1
80 -78 -79 -2040 446 -289 2 60 -330 1 2
81 -80 82 0 -136 142 3 -435 212 0 2
82 83 88 0 -303 -167 3 210 -296 2 1
83 -81 84 2608.82 -12 -180 0 371 159 2 2
84 -82 85 -984.824 170 -56 3 112 -81 3 2
85 -83 86 -1672.24 -170 -234 3 132 -241 1 2
86 87 -86 227.561 62 77 2 -25 153 0 1
87 -84 -85 2468.39 -22 -301 1 -330 -327 2 2
88 89 90 0 263 186 0 -193 253 2 2
89 -87 -88 1917.57 76 145 1 358 -18 2 2
90 91 93 0 455 -266 1 493 -48 1 1
91 92 -91 0 -388 260 1 17 -149 2 2
92 -89 -90 -2085.93 495 315 2 180 -157 1 2
93 -92 94 0 76 -191 1 286 -251 3 1
94 -93 95 0 -29 -277 0 324 -276 0 1
95 -94 96 0 203 -83 0 147 308 1 2
96 -95 97 0 335 -192 1 -481 237 1 2
97 -96 98 0 129 -231 0 -149 306 0 1
98 99 100 0 -442 63 0 184 287 1 2
99 -97 -98 -3328.41 270 187 1 114 157 2 2
100 101 103 0 -124 -252 2 177 283 1 1
101 102 -101 573.767 268 68 1 234 -366 2 2
102 -99 -100 1765.29 254 -103 3 118 298 2 2
103 104 105 0 127 281 2 204 -306 2 1
104 -102 -103 -494.263 -247 -307 2 126 -120 3 1
105 -104 106 0 339 -5 3 -461 -223 2 2
106 -105 107 0 -391 -248 3 -443 235 1 2
107 108 110 0 -260 -218 2 -180 250 2 1
108 -106 109 0 -342 146 2 41 262 1 1
109 -107 -108 -1729.05 -287 -269 1 68 200 3 2
110 111 117 0 -53 -265 2 431 220 3 1
111 112 -115 0 13 -347 0 -47 -14 1 1
112 -109 113 -245.894 228 -25 1 426 -44 1 1
113 114 -114 -1816.07 425 -271 0 24 11 0 2
114 115 -113 -800.147 -71 -303 1 201 29 0 1
115 116 -112 1005.96 111 50 3 201 170 0 2
116 -110 -111 -3539.52 -191 69 2 99 -55 0 2
117 -116 118 0 397 139 1 449 -170 2 1
118 119 121 0 -416 -81 3 473 -77 3 2
119 120 -119 640.101 154 49 0 -5 62 2 1
120 -117 -118 -436.427 -331 307 2 25 -69 1 1
121 -120 122 0 -390 18 1 204 -301 2 2
122 -121 123 0 -301 -282 0 333 246 3 1
123 124 125 0 417 -67 1 -166 251 2 1
124 -122 -123 0 395 -264 2 -12 269 2 2
125 -124 126 0 -304 -246 3 251 -292 3 2
126 127 128 0 -63 274 0 447 -184 1 2
127 -125 -126 693.587 155 -158 1 -213 -119 0 1
128 -127 129 0 -155 297 2 281 251 2 1
129 130 133 0 380 310 2 15 272 0 1
130 131 132 0 -384 -139 2 -143 146 1 1
131 -128 -129 2506.05 -22 58 1 390 -234 1 2
132 -130 -131 -2415.03 295 241 3 268 55 0 2
133 -132 134 0 -333 -60 2 -415 234 3 1
134 135 138 0 370 268 3 146 261 1 2
135 -133 136 0 -201 354 2 268 49 0 2
136 -134 137 -285.533 -369 -132 0 257 48 1 1
137 -135 -136 1359.35 244 100 3 -343 -385 1 2
138 139 141 0 444 272 0 -483 -204 2 1
139 140 -139 1311.24 -134 -159 1 428 18 2 2
140 -137 -138 106.734 -304 -33 1 -229 116 1 1
141 142 143 0 -388 137 3 410 241 2 1
142 -140 -141 -341.506 251 154 2 -6 199 1 2
143 144 146 0 -28 -230 0 -455 -205 2 1
144 145 -144 379.19 -55 65 2 -488 -256 1 1
145 -142 -143 -276.593 418 -19 2 -194 14 0 1
146 147 149 0 439 -75 1 255 -287 3 2
147 -145 148 -305.609 -308 389 3 -137 -13 0 1
148 -146 -147 274.398 -127 -63 2 30 242 3 1
149 150 151 0 155 -105 2 400 -227 2 2
150 -148 -149 -157.809 -9 -124 1 159 -149 1 2
151 152 153 0 -138 325 1 194 256 1 1
152 -150 -151 0 -332 55 1 -148 -80 0 2
153 154 155 0 -199 173 1 453 57 3 1
154 -152 -153 -616.998 -144 124 1 402 -131 1 1
155 156 157 0 -349 365 2 178 -354 2 2
156 -154 -155 2954.75 23 -183 1 297 256 2 2
157 -156 158 0 -30 -222 0 393 -243 2 1
158 -157 159 0 253 323 2 436 205 1 1
159 -158 160 0 -373 130 2 417 227 0 1
160 -159 161 0 213 -56 1 -20 248 1 1
161 -160 162 0 84 145 3 416 205 2 1
162 -161 163 0 294 -112 3 439 -1 3 2
163 -162 164 0 337 185 2 -481 -202 1 1
164 -163 165 0 -212 -261 0 450 -63 1 1
165 -164 166 0 121 -323 2 378 -220 3 2
166 -165 167 0 -346 99 2 -360 -374 3 2
167 168 169 0 -417 -79 3 -465 -177 1 2
168 -166 -167 818.604 -25 -148 2 20 -38 1 2
169 170 171 0 -45 -274 1 -497 -181 2 2
170 -168 -169 -632.566 -344 -272 1 -62 -23 0 1
171 -170 172 0 264 316 1 266 249 3 1
172 173 178 0 -47 -328 3 366 -219 1 1
173 174 -176 880.261 181 -74 3 -128 243 0 1
174 175 -175 438.798 231 120 1 68 46 1 1
175 176 -174 2013.65 -69 15 0 -272 218 1 2
176 177 -173 706.76 -75 -176 3 -259 155 2 1
177 -171 -172 339.445 153 -64 0 251 -176 1 1
178 -177 179 0 -79 -258 3 346 -260 2 1
179 180 181 0 38 -63 1 326 205 3 1
180 -178 -179 841.565 337 6 2 54 92 1 2
181 182 185 0 409 276 3 418 -198 3 2
182 183 -183 908.484 319 -126 3 -148 -191 3 1
183 184 -182 -543.126 -414 -29 1 277 -71 2 1
184 -180 -181 -495.982 -176 -128 1 296 -137 3 1
185 -184 186 0 -118 -318 0 -397 -306 2 2
186 187 189 0 0 -347 1 69 253 0 1
187 -185 188 0 -315 234 2 -155 37 1 1
188 -186 -187 1383.84 171 209 1 -68 379 3 2
189 -188 190 0 336 115 1 194 -345 2 2
190 -189 191 0 30 232 1 -345 245 3 1
191 192 195 0 -370 -174 3 169 -350 1 2
192 -190 193 108.83 -261 -5 2 -277 314 0 1
193 194 -193 -2085.77 21 317 1 -76 -21 3 2
194 -191 -192 -619.377 34 112 0 129 14 2 1
195 196 198 0 214 264 0 220 -285 2 1
196 197 -196 -2766.87 239 -276 2 100 -41 1 2
197 -194 -195 -2011.81 220 -384 3 190 -192 2 2
198 -197 199 0 339 97 2 -45 250 2 1
199 200 201 0 -360 -396 1 144 -362 3 1
200 -198 -199 90.8048 -341 -4 1 -494 327 2 1
201 -200 202 0 -451 -234 3 -443 -236 2 1
202 203 206 0 276 -126 2 -473 -147 3 2
203 -201 204 0 341 -180 1 -118 -182 1 2
204 -202 205 -3483.43 -311 -230 1 -466 -40 1 2
205 -203 -204 456.537 -297 -105 3 481 -168 2 2
206 207 208 0 -112 -374 3 184 -333 0 2
207 -205 -206 -235.563 112 -152 1 38 -330 0 1
208 209 210 0 188 105 2 -496 -117 2 1
209 -207 -208 -816.966 -11 238 0 -171 6 3 1
210 -209 211 0 379 246 3 -156 -372 1 1
211 -210 212 0 -210 266 2 -378 -363 0 1
212 213 216 0 -353 139 0 -481 -28 2 2
213 214 215 -2181.08 -110 259 2 -163 115 2 2
214 -211 -212 -2323.83 -442 309 1 -156 198 3 2
215 -213 -214 105.978 -239 118 2 -157 293 1 1
216 217 218 0 76 -282 3 -486 47 3 2
217 -215 -216 91.3318 -40 221 2 -42 32 3 2
218 219 220 0 30 -335 1 -471 -124 2 1
219 -217 -218 -379.075 -185 261 1 -191 -40 2 1
220 -219 221 0 -441 -83 1 -443 -198 2 2
221 -220 222 0 -295 -277 3 281 -285 3 2
222 223 224 0 369 187 1 37 -364 1 1
223 -221 -222 -249.658 397 161 2 -361 -71 3 1
224 -223 225 0 228 -123 1 -439 -228 1 1
225 226 227 0 -298 252 1 408 224 2 1
226 -224 -225 3651.93 241 -51 3 -387 -102 3 2
227 -226 228 0 -493 -185 3 399 233 1 2
228 229 230 0 15 -318 1 389 -202 1 2
229 -227 -228 -1847.97 293 -317 0 329 -134 1 2
230 231 232 0 59 247 2 -466 -182 2 2
231 -229 -230 -1694.98 107 234 3 -272 56 3 2
232 -231 233 0 56 -316 2 -448 -218 1 1
233 -232 234 0 -295 91 2 376 246 2 2
234 235 236 0 -448 239 1 -475 5 1 1
235 -233 -234 36.3291 -411 153 0 -203 222 2 1
236 237 238 0 -106 -215 0 439 -181 2 1
237 -235 -236 822.888 232 169 1 317 -218 3 1
238 239 244 0 370 221 2 426 181 0 2
239 -237 240 0 -3 -219 2 -53 -183 3 2
240 -238 241 -1802.16 -497 -105 0 106 190 2 2
241 -239 242 -571.721 421 -28 3 315 188 1 2
242 -240 243 3785.81 368 -1 3 -486 12 2 2
243 -241 -242 76.8524 -62 98 2 445 70 2 1
244 245 247 0 275 271 2 129 -357 1 1
245 -243 246 -344.584 436 308 1 -58 -79 2 1
246 -244 -245 2319.6 -76 -251 2 -363 -240 2 2
247 -246 248 0 490 131 0 405 216 2 2
248 249 250 0 417 99 2 252 248 1 2
249 -247 -248 374.636 44 150 0 -138 209 1 2
250 -249 251 0 -317 285 0 -435 -229 1 1
251 252 253 0 386 -149 1 430 59 1 2
252 -250 -251 434.069 222 -144 2 -302 -55 3 1
253 254 -974 2394.78 -456 -171 1 -127 128 1 2
254 255 264 0 -475 11 0 -433 -206 1 2
255 -252 256 -110.882 158 -312 1 -441 -220 0 1
256 257 -261 476.115 -241 -201 3 -220 6 0 1
257 258 -260 1101.93 -135 -193 2 -29 -88 2 2
258 -253 259 624.632 -287 -150 3 228 284 1 2
259 260 -259 2357.55 -124 55 3 70 14 2 2
260 261 -258 982.67 -85 -92 3 -334 274 1 1
261 -254 262 0 -321 226 3 -45 -229 2 1
262 263 -257 -1292.47 249 59 2 54 -128 2 2
263 -255 -256 1934.82 41 -210 2 227 -80 0 2
264 -262 265 0 -114 -323 0 385 234 1 2
265 266 268 0 229 -310 2 331 239 2 1
266 -263 267 -380.412 -243 -334 0 43 235 2 1
267 -264 -265 249.998 31 188 1 -226 181 2 1
268 269 277 0 -39 281 2 419 -184 3 2
269 -266 270 1009.27 30 -148 1 270 -210 3 2
270 -267 271 922.791 42 -110 2 -361 199 3 2
271 -268 272 -635.003 263 -163 2 330 -150 1 2
272 273 -274 2634.07 166 30 2 -488 93 2 2
273 -269 274 -504.862 -273 71 3 284 88 1 1
274 -270 275 -891.053 -237 323 0 147 -109 3 1
275 276 -273 -292.542 386 -254 2 165 -97 3 1
276 -271 -272 -804.488 339 295 1 106 160 2 2
277 278 280 0 -98 -261 2 -364 236 1 1
278 279 -277 18.9864 -382 125 1 -282 -263 2 1
279 -275 -276 0 -338 -204 2 -372 119 0 2
280 -278 281 0 370 253 3 -417 -234 1 1
281 -279 282 0 -122 -213 2 435 -170 1 1
282 -280 283 0 -142 -188 3 -165 249 1 1
283 284 285 0 -43 198 0 356 -221 3 1
284 -281 -282 86.1829 -55 -4 1 243 -136 1 1
285 -283 286 0 84 263 1 -475 137 0 2
286 287 288 0 -492 -11 1 445 153 2 1
287 -284 -285 -664.06 -296 -323 1 0 118 0 2
288 289 290 0 -405 -11 1 412 177 1 1
289 -286 -287 0 396 260 2 431 17 0 1
290 -288 291 0 -423 11 3 435 -134 1 2
291 -289 292 0 470 -221 2 -420 -226 1 2
292 293 -973 954.415 -51 -173 1 -174 -106 2 1
293 294 299 0 399 -387 2 395 -145 1 1
294 295 296 0 311 -227 2 51 210 2 2
295 -290 -291 -580.326 468 315 2 93 188 1 2
296 -292 297 0 -170 240 1 345 202 0 1
297 298 -295 0 -209 -250 2 279 197 0 2
298 -293 -294 -3397.69 -71 -179 0 -87 -148 1 2
299 -296 300 0 -181 -206 0 -452 -201 2 2
300 -297 301 0 -436 -181 3 -473 67 3 2
301 302 307 0 255 175 1 368 -182 2 1
302 303 306 -973.709 -222 -325 3 2 -178 2 2
303 304 305 -1006.01 -13 312 1 -55 -136 1 2
304 -298 -299 -443.764 -368 91 2 356 9 2 2
305 -300 -301 -372.805 499 42 0 -117 -60 0 2
306 -302 -303 -1849.85 459 -273 2 113 22 1 2
307 308 312 0 433 -323 2 -420 225 1 2
308 309 310 0 -98 -301 3 58 -32 1 2
309 -304 -305 -85.8663 327 -285 3 -436 54 1 1
310 311 -308 226.615 48 16 0 232 -11 2 2
311 -306 -307 -303.115 -47 -134 2 -460 219 3 1
312 313 314 0 406 247 2 292 -277 2 1
313 -309 -310 45.9565 -100 68 1 -19 -329 3 2
314 315 317 0 -214 216 1 163 -338 0 1
315 316 -313 4080 62 -285 1 -110 27 1 2
316 -311 -312 750.936 -326 -226 3 -472 -303 2 2
317 -314 318 0 309 -280 2 399 18 2 1
318 319 328 0 -210 271 2 -461 180 1 1
319 -315 320 -1445.08 439 154 0 -54 212 2 2
320 321 -324 -521.915 289 113 1 -230 106 0 2
321 322 -323 -71.0668 -316 147 3 -298 -32 3 1
322 -316 323 -1821.11 64 284 2 -33 143 1 2
323 -317 324 0 477 -74 2 -105 192 1 1
324 325 -322 685.417 -446 -132 0 304 -48 2 1
325 326 -321 1487.69 -415 111 3 -277 320 2 2
326 -318 327 158.586 -274 148 2 359 321 2 1
327 -319 -320 -2281.2 85 207 3 -269 -25 1 2
328 329 330 0 -324 -195 2 -394 224 2 1
329 -325 -326 -828.856 275 190 0 -152 -62 1 2
330 331 332 0 410 183 2 -443 -198 1 2
331 -327 -328 2576.45 -154 -181 3 34 319 1 2
332 -329 333 0 -393 -127 1 -437 -177 3 1
333 -330 334 0 -12 309 3 371 168 1 2
334 335 336 0 342 343 3 -437 -186 2 2
335 -331 -332 2363.38 -427 -56 2 -409 -223 2 2
336 337 -972 872 341 29 2 -376 -288 2 1
337 338 342 0 338 367 0 355 205 2 2
338 -333 339 520.279 326 -5 1 30 -205 1 1
339 340 -337 3598.73 -4 -151 1 236 305 2 2
340 341 -336 -2791.62 188 -218 3 344 58 0 2
341 -334 -335 233.346 -27 65 1 123 311 2 1
342 343 345 0 -428 -280 0 386 162 2 2
343 344 -340 1388.68 322 119 1 7 190 1 2
344 -338 -339 -2206.37 -140 -124 2 -86 65 2 2
345 346 348 0 -478 345 0 320 231 2 2
346 347 -343 -3564.06 469 -210 2 12 -89 3 2
347 -341 -342 758.916 344 55 0 424 -106 1 1
348 -344 349 0 -232 -61 0 47 -361 1 1
349 350 353 0 274 -239 0 241 -261 1 2
350 351 -348 3171.6 119 -98 2 -113 172 0 2
351 -345 352 2170.56 50 -159 2 -328 -25 3 2
352 -346 -347 627.342 135 0 2 210 91 3 1
353 354 356 0 80 -274 0 357 -203 3 1
354 355 -351 857.226 319 -96 1 -296 -111 0 1
355 -349 -350 -381.149 279 91 1 120 -82 2 2
356 357 358 0 1 360 1 381 105 2 1
357 -352 -353 -427.585 190 234 2 -101 74 1 1
358 359 367 0 256 177 2 344 -210 2 2
359 360 361 0 187 -300 2 182 149 0 2
360 -354 -355 0 -248 305 2 -153 -73 0 2
361 -356 362 243.318 34 -118 0 -248 -255 2 1
362 -357 363 0 -398 -106 1 138 144 1 2
363 -358 364 -2658.37 386 64 1 304 -146 1 2
364 -359 365 1439.19 9 -83 2 321 326 3 2
365 366 -362 -120.49 178 165 1 341 15 1 1
366 -360 -361 -3964.84 -257 199 3 250 -90 0 2
367 368 369 -3899.2 -406 -126 0 -177 191 3 2
368 -363 -364 577.87 53 12 1 -338 -112 2 2
369 370 371 0 390 342 3 133 -340 1 2
370 -365 -366 -1952.8 424 -290 0 -21 -67 2 2
371 372 375 0 -3 -247 2 -463 165 0 1
372 373 374 1550.33 -318 32 1 -451 91 2 2
373 -367 -368 1774.21 -115 78 2 272 -1 3 2
374 -369 -370 178.843 -58 171 2 61 251 3 1
375 -371 376 0 305 126 1 250 -281 2 1
376 377 382 0 105 195 2 73 -347 0 2
377 378 379 1020 -85 -295 2 14 202 2 1
378 -372 -373 380.857 -32 -192 1 -308 -18 2 1
379 -374 380 -1984.09 -468 188 0 115 -312 1 2
380 -375 381 -187.28 -93 -7 1 -310 -157 2 2
381 -376 -377 4080 -391 -258 1 -460 308 1 2
382 -378 383 0 46 -188 3 -470 -131 1 2
383 384 388 0 -158 237 2 297 226 0 2
384 385 -383 236.61 -193 183 1 -166 -183 2 1
385 -379 386 -748.99 -404 -197 2 346 209 0 2
386 -380 387 -696.327 457 -279 2 -137 57 1 1
387 -381 -382 938.05 -165 7 2 -367 55 1 1
388 -384 389 0 254 -182 2 210 -288 3 2
389 390 391 0 -442 157 1 -428 -206 2 2
390 -385 -386 1406.98 -325 116 2 100 -135 2 2
391 392 393 0 -415 -45 1 -343 243 2 1
392 -387 -388 -390.405 -369 -213 1 -58 121 1 1
393 -389 394 0 402 0 1 -468 49 2 1
394 -390 395 0 351 174 1 -439 208 1 2
395 -391 396 0 339 98 3 374 130 1 1
396 397 398 0 -7 -281 2 355 -196 2 2
397 -392 -393 499.446 -82 -8 1 168 68 1 2
398 399 -971 4080 -44 -203 1 -49 -208 2 2
399 400 401 0 -153 -218 2 346 -190 2 1
400 -394 -395 -272.589 -10 312 2 219 -139 3 1
401 -396 402 0 301 -25 1 225 245 2 2
402 -397 403 0 377 -310 1 -467 -48 0 2
403 404 410 0 290 -269 3 -460 18 2 2
404 405 -404 446.784 -43 -175 2 190 -188 2 1
405 406 -403 793.637 -280 -156 1 -330 275 3 1
406 407 -402 -588.193 237 246 2 -206 88 2 2
407 408 -401 324.412 -125 18 2 -106 -130 1 2
408 -398 409 1986.62 -347 -22 0 331 -317 0 2
409 -399 -400 2259.97 -34 -112 2 391 -205 1 2
410 411 416 0 -442 284 1 361 91 1 2
411 412 413 -1304.04 -53 -88 1 310 51 1 2
412 -405 -406 -413.258 -461 -130 0 338 -89 1 1
413 -407 414 -507.47 255 49 1 18 -159 3 1
414 -408 415 -3765.69 -420 55 2 115 -137 2 2
415 -409 -410 -3833.23 -147 201 0 281 -32 1 2
416 -411 417 -3723.03 -22 91 1 217 -131 1 2
417 418 420 0 -248 -40 3 -435 202 0 2
418 419 -414 969.228 -275 -59 0 140 168 0 2
419 -412 -413 1926.78 -128 119 0 384 -146 3 2
420 421 424 0 477 -105 1 303 -225 2 2
421 422 -418 146.608 -190 -8 1 -325 -103 1 2
422 -415 423 -876.442 153 311 1 171 -134 1 1
423 -416 -417 -895.279 355 -109 2 -98 -217 1 1
424 -419 425 0 443 318 0 -436 -141 3 2
425 426 429 0 -150 -378 1 207 -282 1 2
426 427 -423 -67.8697 58 380 0 -170 -167 1 1
427 -420 428 0 389 -391 2 222 20 0 2
428 -421 -422 165.053 -189 53 1 77 -392 3 2
429 -424 430 0 -392 110 0 -417 -222 0 2
430 431 432 0 -208 348 2 -140 -355 1 2
431 -425 -426 0 66 35 0 -389 -164 2 2
432 433 434 0 363 -393 2 -388 -343 1 2
433 -427 -428 0 498 -191 0 56 -281 3 2
434 435 439 0 283 -116 2 229 237 3 1
435 -429 436 -1325.95 -312 317 1 259 5 2 2
436 437 438 0 -238 267 3 246 7 1 2
437 -430 -431 -482.208 89 -34 3 72 188 3 2
438 -432 -433 -335.805 377 363 1 -164 16 2 2
439 440 441 0 302 -300 2 -452 -43 1 1
440 -434 -435 614.516 -49 -20 1 -303 66 2 1
441 -436 442 0 -410 -96 3 342 218 2 2
442 443 447 0 457 209 1 -418 -200 2 2
443 444 -441 273.934 -404 -160 2 -433 72 0 1
444 445 -440 2505.45 -48 -121 2 59 -224 1 2
445 446 -439 -551.103 -199 -277 2 74 -38 1 2
446 -437 -438 0 250 -163 2 -165 -207 2 2
447 448 449 0 473 23 1 -426 -190 0 2
448 -442 -443 -169.093 488 210 1 -185 -152 2 1
449 -444 450 0 -354 -325 1 -318 245 2 1
450 451 453 0 -47 184 1 347 124 0 1
451 452 -447 -1021.54 480 152 0 122 109 1 2
452 -445 -446 3660.96 -34 -65 3 363 -203 2 2
453 454 457 0 138 147 2 354 -5 1 1
454 -448 455 44.2443 80 -6 0 -132 -145 2 1
455 456 -451 -1285.81 -437 86 2 228 173 1 2
456 -449 -450 -784.799 75 165 1 32 92 3 2
457 -452 458 0 239 104 0 88 -343 1 1
458 -453 459 0 122 275 2 331 189 0 1
459 -454 460 0 -285 9 2 -441 184 1 1
460 461 464 0 -323 189 1 112 244 1 1
461 462 -458 -475.342 365 395 0 -185 231 2 2
462 463 -457 -148.377 -341 -152 1 -204 -41 2 2
463 -455 -456 626.195 -3 -149 0 -171 320 2 1
464 -459 465 0 -91 315 3 343 -205 1 2
465 466 467 0 -205 -325 3 -242 -344 2 2
466 -460 -461 0 261 264 0 -339 -16 2 2
467 -462 468 0 454 78 2 -447 29 2 1
468 469 470 -3068.54 7 167 1 219 200 0 2
469 -463 -464 0 -320 114 0 -204 36 1 1
470 -465 471 0 438 -47 2 326 206 0 1
471 -466 472 0 345 314 1 315 -207 2 2
472 473 475 0 451 56 1 -424 201 0 2
473 474 -469 457.636 -152 -38 1 -476 -131 2 1
474 -467 -468 -245.556 -32 150 1 -215 -24 0 1
475 476 480 0 -302 -304 1 -307 235 3 1
476 -470 477 0 81 -282 1 -369 194 3 1
477 478 -474 -262.268 -355 -52 0 -291 -22 1 1
478 -471 479 -489.738 -368 200 2 160 188 2 1
479 -472 -473 -1298.83 19 -332 1 149 74 3 2
480 -475 481 0 -415 277 0 -438 12 3 2
481 -476 482 0 -247 -291 2 -107 -352 1 1
482 483 487 0 -474 -52 1 283 -223 1 2
483 484 -481 238.55 -24 42 1 34 -16 1 2
484 -477 485 255.146 79 57 3 -32 -358 1 1
485 -478 486 -369.626 -118 298 1 53 29 2 1
486 -479 -480 -2603.54 357 -91 2 -93 -62 1 2
487 -482 488 0 475 -20 3 297 -205 2 2
488 489 490 0 417 -278 1 263 -213 3 1
489 -483 -484 -984.512 -366 84 3 7 -90 1 2
490 491 497 0 0 261 0 337 -7 1 1
491 -485 492 173.739 157 57 3 -482 272 2 2
492 493 496 880.182 -36 -74 3 -442 172 2 1
493 -486 494 -3871.44 -363 279 3 253 -19 2 2
494 495 -489 2863.3 230 -65 2 -25 99 1 2
495 -487 -488 2118.46 234 38 2 -135 59 0 2
496 -490 -491 -3779.46 -287 -219 1 165 -150 0 2
497 498 499 0 325 12 3 -406 206 3 2
498 -492 -493 321.038 -112 163 1 259 -241 0 1
499 -494 500 0 -57 213 2 -258 -353 3 2
500 -495 501 0 330 -82 1 -370 -341 3 1
501 502 504 0 345 30 3 304 221 2 2
502 -496 503 -241.901 43 -345 3 -110 -119 0 2
503 -497 -498 0 -462 -150 1 -188 -69 1 2
504 -499 505 0 204 -347 1 -408 -304 1 2
505 506 510 0 -250 -46 2 -172 241 3 2
506 507 508 0 -223 -309 2 202 -28 2 1
507 -500 -501 0 -383 -273 3 216 30 2 1
508 509 -504 -81.5021 384 5 2 -208 232 1 1
509 -502 -503 697.015 59 131 1 214 66 2 1
510 -505 511 0 16 190 2 -410 -260 0 1
511 512 524 0 462 345 2 291 -149 1 1
512 513 515 -3626.86 368 55 0 -99 -130 2 2
513 -506 514 0 126 -164 0 304 130 2 1
514 -507 -508 -3380.9 305 128 2 241 -36 1 2
515 -509 516 0 462 -22 2 121 211 0 1
516 517 523 1875.23 256 -203 0 -299 99 1 2
517 -510 518 -3679.61 327 68 3 25 -79 0 2
518 -511 519 0 -334 6 1 35 194 0 2
519 -512 520 0 -244 -295 2 95 -204 1 1
520 -513 521 -3923.76 -95 211 2 252 -142 1 2
521 522 -516 -384.137 158 -77 1 268 168 1 1
522 -514 -515 0 345 -78 0 -181 -47 1 1
523 -517 -518 -1423.7 193 -111 0 43 -68 2 2
524 -519 525 0 0 295 3 41 -348 2 2
525 526 528 0 -370 -238 1 -46 -343 2 1
526 -520 527 0 274 -166 3 66 -282 2 2
527 -521 -522 2653.87 -51 -51 2 -351 -14 3 2
528 529 531 0 -50 227 0 257 -194 0 2
529 -523 530 -751.759 -109 86 2 271 167 0 2
530 -524 -525 0 69 -238 0 -203 -227 1 1
531 532 534 0 -203 -238 3 -369 -322 3 2
532 533 -528 1020 104 -325 2 227 180 1 1
533 -526 -527 2903.17 -358 -208 1 -10 -174 1 2
534 -529 535 0 432 298 1 188 -323 0 1
535 536 538 0 -405 -21 0 -417 -123 0 1
536 -530 537 0 464 103 0 -217 -190 0 2
537 -531 -532 113.437 -118 -10 2 -418 -39 1 2
538 539 540 0 -116 249 2 306 206 2 2
539 -533 -534 2675.88 -20 -27 0 -478 -239 3 2
540 -535 541 0 150 -282 2 171 -309 2 1
541 542 544 0 -144 -318 1 -69 -318 3 2
542 543 -538 3277.93 -50 18 0 349 389 3 2
543 -536 -537 -503.145 181 -361 2 16 -236 3 1
544 545 546 0 164 8 1 324 -7 2 2
545 -539 -540 744.64 -3 20 1 430 5 1 1
546 -541 547 0 211 -89 1 -354 235 2 2
547 -542 548 0 -455 -209 2 235 -274 1 1
548 549 563 0 202 28 3 -426 -25 1 2
549 -543 550 -3030.65 141 -284 3 -408 -110 1 2
550 -544 551 1146.8 -67 93 1 -438 -211 1 2
551 -545 552 -1133.8 -111 216 2 -200 193 2 2
552 -546 553 -278.855 -402 -49 0 -90 -137 1 1
553 554 -557 904.513 0 -2 2 -216 -227 2 1
554 555 -556 1011.44 -101 -29 1 425 308 2 1
555 -547 556 -2928.99 360 328 2 -139 -81 3 2
556 557 -555 314.084 29 181 0 122 155 0 2
557 -548 558 0 495 -110 2 -288 -184 2 2
558 -549 559 751.965 -268 -18 3 -250 -301 1 2
559 560 -554 3800.22 -23 -18 1 87 -133 1 2
560 561 -553 638.684 16 35 1 323 87 3 1
561 562 -552 537.226 -70 85 2 260 15 3 1
562 -550 -551 2946.3 -158 -130 0 196 -319 0 2
563 564 567 0 146 -234 1 55 -332 1 2
564 -558 565 0 54 -354 0 -386 -19 1 1
565 566 -561 -31.8099 -151 118 0 64 -87 1 2
566 -559 -560 3186.35 -372 -67 2 -26 -370 1 2
567 568 570 0 81 -193 3 303 183 3 2
568 -562 569 -2933.81 249 -323 2 -126 -92 1 2
569 -563 -564 0 -472 157 2 319 202 2 1
570 571 576 -2422.68 453 111 2 -408 49 2 2
571 -565 572 0 248 63 2 -261 186 3 1
572 573 574 -3577.35 2 290 1 -98 -16 2 2
573 -566 -567 153.078 -417 63 3 -34 -246 2 1
574 -568 575 113 -205 -17 2 -122 258 0 1
575 -569 -570 672.9 -301 20 2 225 -288 0 1
576 -571 577 0 91 -320 3 329 79 1 2
577 -572 578 0 415 -187 3 322 -53 2 2
578 579 580 0 279 -324 1 -290 237 2 1
579 -573 -574 0 -253 252 1 203 46 3 2
580 -575 581 0 -411 -149 1 313 -21 1 1
581 582 606 0 114 -255 1 -350 -310 0 2
582 -576 583 0 55 -312 2 100 38 1 2
583 -577 584 -3893.44 389 -168 2 -173 -66 2 2
584 -578 585 0 277 -245 3 109 0 2 1
585 -579 586 0 -120 292 2 103 -321 1 2
586 587 -600 -499.968 290 96 1 -303 -270 1 1
587 -580 588 0 -202 162 2 65 -322 2 1
588 589 -599 2590.58 -125 -144 2 22 -62 0 2
589 590 -598 1613.04 -38 66 0 -374 9 1 2
590 -581 591 0 -44 382 0 -388 84 2 1
591 -582 592 0 65 358 1 43 72 2 2
592 593 -597 3838 -4 -236 2 346 -56 0 2
593 -583 594 0 397 372 1 -394 -19 1 1
594 595 596 0 -77 298 2 42 -297 0 1
595 -584 -585 2270.16 16 -333 1 193 -25 2 2
596 -586 597 535.095 -154 -257 1 273 138 2 1
597 598 -596 -401.009 -131 67 2 -65 -251 3 2
598 -587 599 -97.8883 113 -217 1 -388 29 2 1
599 -588 600 -140.788 67 -19 0 34 64 0 1
600 -589 601 -166.618 58 -194 0 -389 -274 1 2
601 602 -595 30.9446 -152 -225 1 -124 -246 1 1
602 -590 603 0 395 368 1 -23 86 2 1
603 -591 604 0 296 90 0 -335 81 2 2
604 -592 605 54.3593 -114 22 3 -198 80 2 1
605 -593 -594 988.246 -179 26 0 -284 123 2 2
606 -601 607 0 -475 151 2 -399 -303 1 2
607 608 616 0 233 -328 0 284 197 1 1
608 609 -610 -452.985 -457 0 1 -10 -60 3 2
609 -602 610 -2445.31 349 151 3 -156 164 2 2
610 -603 611 0 -359 -115 1 -7 -162 0 1
611 -604 612 -466.145 428 -54 3 247 -150 0 1
612 613 -609 -1336.38 349 99 0 210 -105 2 2
613 -605 614 -2533.44 410 -77 0 282 94 2 2
614 -606 615 -3960.65 393 22 3 143 2 0 2
615 -607 -608 -1179.35 -224 -293 1 -27 53 3 2
616 -611 617 0 6 -274 1 303 -80 1 1
617 618 971 3957.39 230 -120 1 -248 -193 2 2
618 619 623 -1817.31 3 20 0 -392 -246 1 2
619 -612 620 -326.024 213 154 3 -331 113 2 2
620 -613 621 -448.974 301 65 0 -183 -134 0 1
621 622 -616 2815.81 -51 -95 1 -452 43 1 2
622 -614 -615 1988.94 -258 33 2 -108 234 2 2
623 624 627 0 472 122 2 297 -92 1 2
624 625 626 -572.473 -323 -195 3 -42 -106 0 1
625 -617 -618 255.677 252 121 2 -407 228 2 1
626 -619 -620 811 96 -63 0 -323 182 1 2
627 -621 628 -3434.65 -126 328 0 -348 136 1 2
628 629 966 3126.52 232 -83 2 -429 152 2 2
629 -622 630 0 486 289 1 -361 -326 1 1
630 -623 631 0 370 -278 2 294 72 2 1
631 632 633 0 -311 272 0 236 -235 1 2
632 -624 -625 0 341 -142 2 -218 -193 2 2
633 634 638 -3864.91 413 -292 2 90 105 0 2
634 -626 635 -3995 -372 30 2 15 2 2 2
635 -627 636 -2206.52 -355 314 1 168 64 3 2
636 637 -630 412.356 -237 167 2 -382 -137 1 2
637 -628 -629 -12.3894 -262 246 0 -209 -55 3 1
638 639 640 0 2 352 2 138 -335 1 1
639 -631 -632 -1400.45 217 -53 3 -36 30 2 2
640 641 643 0 391 354 1 -425 -28 0 2
641 -633 642 -929.827 -76 -156 1 -309 -106 2 2
642 -634 -635 -315.737 -432 83 1 -222 -102 1 1
643 644 645 0 326 178 1 279 -163 1 1
644 -636 -637 3246.42 -75 -89 0 489 -148 3 2
645 646 650 0 -31 -233 1 -230 -324 2 1
646 647 -642 -4080 112 -358 2 145 -279 2 2
647 -638 648 -295.564 338 -264 2 179 -13 0 1
648 -639 649 0 200 -17 1 -341 -130 1 2
649 -640 -641 2765.27 169 35 2 -275 179 2 2
650 651 965 2923.53 37 202 2 -325 197 2 2
651 652 962 4060 -356 -161 1 29 129 2 2
652 653 676 0 -23 -152 3 254 177 2 2
653 -643 654 1174.98 244 15 2 -493 -125 2 2
654 655 -666 671.209 108 56 1 230 -78 2 2
655 -644 656 -683.849 270 43 1 -118 69 1 1
656 -645 657 -530.382 341 196 3 210 159 1 1
657 658 659 -2773.67 -369 19 0 -195 -138 1 2
658 -646 -647 648.239 258 -88 0 -347 -65 0 1
659 660 675 -175.46 296 76 2 -196 30 1 1
660 661 -663 311.931 286 51 1 -171 -7 0 1
661 662 674 -1006.9 -202 -288 3 -32 33 1 2
662 663 665 0 289 242 2 88 213 1 1
663 -648 664 -161.199 398 269 3 109 -37 2 1
664 -649 -650 471.264 242 55 3 314 -321 3 1
665 666 -660 -482.993 -44 -160 2 8 -36 2 2
666 -651 667 136.67 190 29 1 -309 82 2 1
667 -652 668 -12.0549 343 134 1 273 202 1 1
668 -653 669 -718.097 -159 312 2 -182 -116 0 1
669 670 671 929.461 -201 -37 2 -263 250 2 2
670 -654 -655 0 -105 -301 1 -227 -82 3 2
671 -656 672 -2309.79 -469 -220 2 208 206 2 2
672 -657 673 464.049 -122 148 0 -397 224 1 1
673 -658 -659 -2130.17 412 299 2 -164 119 2 2
674 -661 -662 -1580.6 -33 291 2 219 222 2 2
675 -664 -665 102.293 -222 -44 2 -259 -45 0 1
676 677 679 0 -486 -221 2 -421 -169 2 2
677 678 -669 295.036 -282 126 2 42 35 0 1
678 -667 -668 717 -117 -10 2 -441 -299 2 1
679 680 681 -2513.96 24 -21 0 219 8 1 2
680 -670 -671 0 106 175 3 233 -118 2 1
681 -672 682 0 28 246 1 -116 240 2 2
682 683 686 0 426 -265 2 -402 -175 1 2
683 -673 684 0 294 80 1 59 -224 3 2
684 -674 685 106.981 10 -2 1 -73 -323 3 1
685 -675 -676 156.797 -176 92 0 -495 133 0 1
686 687 691 0 -91 303 2 286 -156 3 2
687 688 -681 -1003.9 216 236 2 -151 -104 0 2
688 -677 689 291.459 273 -152 2 -462 307 2 1
689 -678 690 -677.934 -9 -326 0 -187 -59 1 1
690 -679 -680 -2207.71 449 -308 2 -45 -40 0 2
691 -682 692 0 344 40 3 -130 -333 1 1
692 693 695 0 242 -222 2 -419 61 1 1
693 -683 694 3.78283 -155 182 2 315 -328 0 1
694 -684 -685 0 -19 -295 0 -183 -138 2 1
695 696 697 0 -355 53 0 223 -253 2 1
696 -686 -687 -99.1843 341 219 3 183 72 2 1
697 -688 698 0 401 -211 1 284 94 2 2
698 699 704 -3127.69 364 -162 2 244 41 2 2
699 -689 700 -51.0984 -153 179 0 -26 -180 3 1
700 701 -694 2588.63 96 -153 2 50 -76 3 2
701 -690 702 -2274.75 -171 -327 0 -182 179 2 2
702 -691 703 -702.494 -363 -320 1 -56 -28 2 1
703 -692 -693 -869.997 377 99 2 -96 -88 1 2
704 -695 705 0 498 -285 1 277 -187 0 1
705 -696 706 0 136 -306 2 -329 -322 2 1
706 707 718 0 -435 -76 1 -405 -3 2 1
707 -697 708 -711.911 453 -239 2 -207 -79 0 1
708 709 710 -436.817 -242 225 0 -50 105 0 1
709 -698 -699 -272.235 -13 -182 1 -378 187 3 2
710 711 -708 3830.69 -348 0 2 82 331 1 2
711 712 -707 -1104.54 -495 -165 3 74 -62 3 2
712 -700 713 -2164.72 185 -290 1 -54 125 1 2
713 714 -706 526.768 -368 159 3 356 313 2 1
714 715 -705 1648.8 -24 -159 2 -407 77 1 2
715 -701 716 -3922.26 -435 -252 0 -296 -4 3 2
716 717 -704 2227.14 -367 98 1 -313 263 0 2
717 -702 -703 196.603 23 -145 2 -342 -116 1 1
718 719 960 2507.53 -358 -257 2 102 135 0 2
719 720 723 0 -470 -42 2 -371 -269 2 2
720 -709 721 141.652 -110 6 0 -328 -387 2 1
721 -710 722 95.2197 -112 -70 2 -111 105 2 1
722 -711 -712 23.2063 -238 68 2 114 176 2 1
723 724 728 0 -461 153 1 213 -245 3 1
724 725 -717 -274.138 52 -370 0 -127 -5 2 1
725 -713 726 346.518 88 58 2 330 -5 2 2
726 -714 727 0 301 -283 2 227 98 2 1
727 -715 -716 0 213 247 1 -158 -266 0 1
728 729 733 -918.924 50 -233 0 206 -49 0 1
729 730 -722 1546.36 244 -79 3 66 322 0 2
730 -718 731 0 439 -148 1 259 -45 3 1
731 -719 732 -426.113 490 -133 1 -258 -107 2 2
732 -720 -721 -2835.59 -493 -55 2 131 -116 3 2
733 -723 734 0 395 196 1 -260 -329 1 1
734 735 944 3911.41 -295 -148 2 -126 103 1 2
735 -724 736 -2770.87 -178 120 1 12 136 1 2
736 737 738 0 418 -276 2 -324 -323 3 1
737 -725 -726 0 -253 148 2 152 -184 0 2
738 739 740 0 457 306 1 258 215 1 2
739 -727 -728 0 -391 -213 1 -69 225 3 2
740 -729 741 0 12 245 2 -310 -327 1 2
741 742 743 0 221 -144 0 236 231 2 2
742 -730 -731 -2974.61 336 -209 2 43 -81 2 2
743 744 940 4068.16 -248 -34 0 382 101 1 2
744 745 746 0 171 198 2 -400 206 1 1
745 -732 -733 -2611.44 403 85 1 -121 17 1 2
746 747 748 0 489 -50 2 209 -247 3 1
747 -734 -735 -2619.85 -300 51 2 55 -11 1 2
748 -736 749 0 -85 180 3 -385 -253 0 2
749 -737 750 0 392 326 2 -382 -251 1 2
750 751 752 0 255 -260 0 -126 237 1 2
751 -738 -739 -1872.4 322 148 2 -81 1 3 2
752 753 756 0 -362 -15 3 -354 -277 0 1
753 -740 754 0 -95 387 2 67 -73 2 2
754 755 -743 218.345 -330 -95 0 -35 -214 2 1
755 -741 -742 -4.5081 -261 -40 2 -39 -58 2 2
756 757 759 0 -426 235 3 -329 -319 0 1
757 -744 758 3290.4 -171 -281 0 -238 241 1 2
758 -745 -746 -467.588 -46 -14 1 18 -195 2 2
759 -747 760 -3359.99 -364 -39 0 -22 182 0 2
760 761 931 80.6519 252 -72 0 12 -283 2 1
761 762 923 418.949 -344 200 1 4 -168 1 1
762 -748 763 0 -227 167 1 -247 235 1 2
763 764 766 0 171 -8 2 176 -316 0 1
764 -749 765 -227.696 -221 218 1 81 -41 1 1
765 -750 -751 457.159 184 -315 2 305 -111 0 1
766 767 918 48.8066 -367 201 0 -389 59 1 1
767 -752 768 0 113 333 1 -361 -267 3 1
768 769 778 0 -129 -318 1 -402 -4 2 2
769 770 -762 -913.73 410 -47 2 -398 64 2 2
770 -753 771 460.869 73 52 2 338 313 1 2
771 772 777 367.32 -285 148 2 -116 -195 1 1
772 -754 773 1382.81 -118 -105 3 29 -285 0 2
773 -755 774 0 -6 190 2 -121 -163 1 2
774 775 -759 3524.41 -208 28 2 85 -178 0 2
775 776 -758 -130.802 -226 -201 1 93 72 3 1
776 -756 -757 465.35 -208 -89 2 370 -236 1 1
777 -760 -761 1790.07 -237 95 0 109 341 0 2
778 779 787 0 436 -199 3 -372 187 1 1
779 -763 780 -590.099 -192 212 2 -390 120 1 1
780 781 784 205.441 -232 176 2 70 186 1 2
781 782 783 2282.38 -384 3 1 -334 108 1 2
782 -764 -765 820 -376 -112 1 -387 286 1 1
783 -766 -767 -940.395 -202 -160 3 104 82 2 2
784 -768 785 550.285 31 -76 2 -471 -224 1 1
785 -769 786 1714.8 -260 -46 2 -8 -221 1 2
786 -770 -771 -352.218 -340 250 2 -383 38 2 1
787 -772 788 0 -200 -357 3 -361 229 3 1
788 -773 789 0 -241 -222 1 -303 -259 3 1
789 790 794 0 469 -15 1 -250 -322 0 2
790 791 -778 -245.231 -336 -199 2 -16 -50 1 2
791 -774 792 0 164 390 2 106 -197 0 1
792 -775 793 0 115 -193 1 -315 -217 2 1
793 -776 -777 -137.465 -94 275 2 97 -319 0 1
794 -779 795 0 -301 337 1 247 -224 2 1
795 796 901 539.388 162 199 2 233 145 1 1
796 -780 797 0 -239 147 3 -55 -326 2 1
797 798 802 -1676.66 152 -22 1 -318 -272 2 2
798 -781 799 -2266.74 -93 -11 3 -75 -279 2 2
799 -782 800 0 -395 309 1 133 -273 1 1
800 -783 801 0 -182 111 0 -339 122 3 2
801 -784 -785 -509.943 -9 -326 0 -232 -298 2 1
802 803 891 4080 -99 -150 2 47 219 1 2
803 804 814 0 -216 287 2 -380 167 3 2
804 -786 805 150.596 62 107 2 306 -78 2 1
805 806 807 -2012.28 -274 -242 2 -340 129 1 2
806 -787 -788 -563.837 0 325 2 42 -117 2 1
807 808 -796 717.769 39 46 2 424 -244 3 1
808 809 -795 -1804.05 303 -123 1 -23 -64 2 2
809 -789 810 -1990 -239 129 0 -356 85 3 2
810 -790 811 -3756.21 234 -254 2 -51 -127 1 2
811 812 -794 779.659 77 12 1 -394 126 2 1
812 -791 813 -3589.86 -259 -214 1 -209 -159 2 2
813 -792 -793 -606.669 326 -155 1 -171 142 0 2
814 -797 815 -3309.5 -125 247 2 -173 -316 1 2
815 816 826 -981.12 311 7 2 185 -140 2 1
816 817 825 -202.967 338 -363 0 34 79 2 2
817 818 821 -451.771 -247 326 1 163 119 3 1
818 -798 819 1020 54 -238 0 451 9 1 1
819 -799 820 2186.21 -267 -126 2 -49 -93 1 2
820 -800 -801 0 446 69 0 -309 -158 2 1
821 822 824 -640.944 -162 -319 1 -97 -273 1 1
822 -802 823 4080 83 -193 0 213 -297 1 2
823 -803 -804 3969.94 104 -178 1 -457 348 0 2
824 -805 -806 -824.283 -193 105 3 179 -67 2 1
825 -807 -808 633.689 84 -195 2 484 207 0 1
826 827 830 0 -463 28 1 -318 -302 2 2
827 828 -812 -1167.53 -10 -25 0 100 -251 2 2
828 -809 829 -2093.58 -426 -68 3 -88 13 1 2
829 -810 -811 4080 -131 -306 0 -187 73 3 2
830 831 849 0 177 298 0 -287 -279 0 1
831 832 847 -301.023 280 11 2 -196 -129 1 1
832 833 -828 1466.2 14 73 1 86 44 2 2
833 -813 834 -3802.73 71 284 0 -137 -109 3 2
834 -814 835 941.399 -278 -253 1 27 99 0 2
835 -815 836 -2385.07 -340 -202 2 -36 -155 1 2
836 -816 837 0 123 -42 2 153 -68 0 2
837 -817 838 -1022.05 -83 -10 1 -293 111 0 2
838 -818 839 344.497 -137 -287 1 325 -237 2 1
839 840 -827 2340.61 -100 -125 1 143 198 2 2
840 841 842 0 -108 204 2 -309 -305 0 1
841 -819 -820 -3055.94 164 399 2 -169 -23 1 2
842 843 -826 18.1265 -309 -181 1 4 -285 2 1
843 844 -825 -2126.49 -342 340 1 -210 -270 0 2
844 -821 845 0 202 339 1 104 -314 3 1
845 846 -824 3589.96 -25 -56 2 -357 -134 2 2
846 -822 -823 0 -152 395 0 -136 -307 1 1
847 -829 848 -1098.71 432 75 2 -10 11 2 2
848 -830 -831 -581.133 254 -86 1 -217 -119 1 2
849 -832 850 0 -111 -282 1 21 -296 2 1
850 851 854 0 -287 176 3 203 -259 1 2
851 852 -836 -391.949 -249 54 2 179 53 1 1
852 -833 853 0 -14 199 2 99 130 2 1
853 -834 -835 -1188.87 44 8 0 179 -277 2 2
854 855 863 0 -101 -189 2 65 -277 2 1
855 856 -845 574.247 -89 -136 0 158 4 1 1
856 -837 857 0 308 138 0 -231 114 1 2
857 -838 858 -2551 205 -355 2 -22 -284 2 2
858 -839 859 -466.58 92 60 3 196 -111 0 1
859 860 -844 -265.471 -65 -342 0 -112 -265 3 1
860 861 862 0 -282 82 1 81 120 2 2
861 -840 -841 641.358 -103 34 0 -278 256 2 2
862 -842 -843 491.576 194 -146 3 256 -211 2 1
863 864 867 0 -214 256 3 -281 -284 0 1
864 865 866 -671.533 296 32 0 42 15 1 1
865 -846 -847 -376.565 -29 22 0 -107 -253 3 2
866 -848 -849 298.069 -5 -312 2 396 -280 2 2
867 868 876 0 61 -256 2 -243 -283 0 2
868 869 -858 537.229 -233 59 0 371 -35 1 1
869 870 -857 2051.55 76 76 2 -282 -69 2 2
870 -850 871 -483.274 115 -230 1 45 -35 0 1
871 872 -856 2429.28 -53 27 2 -306 -298 3 2
872 873 875 570.634 148 -305 1 -209 241 2 2
873 874 -853 186.843 131 -318 2 -301 101 3 1
874 -851 -852 287.427 100 105 2 287 20 2 1
875 -854 -855 -405.248 -203 84 3 -180 -158 2 1
876 877 -874 2659.47 192 175 1 78 122 1 2
877 878 879 0 305 278 0 169 -310 2 1
878 -859 -860 0 -327 -390 1 190 -144 1 1
879 -861 880 0 -275 -44 2 30 -317 2 1
880 -862 881 0 -55 -318 1 231 235 2 1
881 882 883 0 284 113 0 -238 -290 2 1
882 -863 -864 845.007 -153 47 2 38 96 2 2
883 884 885 0 220 -327 3 -52 -289 2 1
884 -865 -866 2564.86 121 -70 0 371 363 3 2
885 886 887 0 320 -284 2 -281 -275 1 2
886 -867 -868 -478.092 -361 -211 1 -73 -88 0 2
887 888 -873 -590.515 -180 127 2 210 -163 2 1
888 -869 889 -895.498 381 -229 1 -131 -238 0 1
889 -870 890 0 -274 -233 3 227 162 0 1
890 -871 -872 -188.673 -3 -230 2 99 -116 1 1
891 -875 892 0 334 153 1 -290 199 2 2
892 893 894 4080 -122 -143 1 314 -102 0 2
893 -876 -877 -528.505 193 109 2 80 76 0 1
894 -878 895 4080 -318 -173 1 321 209 3 2
895 896 898 0 -399 -276 0 172 165 3 1
896 -879 897 171.245 88 -41 2 438 53 0 1
897 -880 -881 2198.99 105 5 0 395 151 1 2
898 899 -885 -749.616 -415 -340 3 -19 102 0 2
899 -882 900 -973.392 82 347 3 -12 182 3 2
900 -883 -884 1020 -152 -133 1 160 -223 0 1
901 902 -903 -530.696 365 255 3 -141 -66 2 2
902 903 -902 2597.21 -206 50 2 162 218 1 2
903 -886 904 -1529.78 -224 70 3 -100 96 0 2
904 -887 905 -904.364 -351 -271 2 124 -4 2 1
905 -888 906 126.68 -133 -84 2 313 334 2 1
906 907 -901 274.08 44 -122 2 32 -92 1 1
907 -889 908 -330.596 422 49 0 0 -163 1 2
908 -890 909 0 353 -188 0 -321 -47 0 2
909 -891 910 -338.664 -132 -310 2 -174 -141 3 2
910 -892 911 683.031 -71 -37 1 -485 -95 2 2
911 -893 912 -2168.88 199 320 3 -272 -122 2 2
912 -894 913 -87.0539 175 0 3 -61 148 3 1
913 914 -900 1763.52 -68 -61 3 374 -95 0 2
914 915 917 -282.827 168 249 2 78 167 0 1
915 -895 916 -1734.63 -461 -232 3 223 -87 1 2
916 -896 -897 -310.459 -16 -271 1 -218 214 3 1
917 -898 -899 -2538.17 -33 -80 2 85 -23 1 2
918 -904 919 166.893 -101 98 2 -97 250 0 1
919 920 922 659.046 50 -67 3 362 -329 2 1
920 -905 921 0 -117 -255 1 -35 -139 1 2
921 -906 -907 -62.4046 -307 -20 2 -188 -25 1 1
922 -908 -909 3230.87 -9 -87 3 160 -59 1 2
923 -910 924 -616.029 327 263 1 -391 53 2 1
924 -911 925 2042.31 -160 52 2 282 -130 2 2
925 -912 926 -2425.18 358 -214 0 12 120 3 2
926 -913 927 -480.332 -374 -243 3 134 49 1 1
927 -914 928 0 -380 -285 1 -391 7 1 1
928 -915 929 696.535 -135 -90 1 393 26 2 2
929 -916 930 1573.2 78 -14 3 -141 -197 1 2
930 -917 -918 263.759 -270 -33 1 -498 15 3 1
931 -919 932 0 -321 217 3 66 227 1 1
932 933 -928 414.459 125 -80 1 112 -55 0 1
933 -920 934 0 -286 226 2 212 217 2 1
934 -921 935 0 368 -25 0 -134 208 2 2
935 936 939 -161.362 408 -118 2 112 -115 1 1
936 937 -925 2172.83 18 103 3 -30 152 0 2
937 938 -924 -1706.9 100 -118 2 94 89 2 2
938 -922 -923 -1814.98 441 132 0 229 -59 1 2
939 -926 -927 -772.805 220 -93 1 63 -79 1 2
940 -929 941 0 143 -125 1 -162 -131 1 1
941 942 -933 2257.9 -21 36 2 -437 -187 1 2
942 -930 943 155.235 -131 64 1 -393 -222 1 1
943 -931 -932 4080 150 -97 2 -112 339 2 2
944 -934 945 932.65 -162 -204 0 119 318 1 1
945 946 947 4080 -232 -168 2 456 197 1 2
946 -935 -936 0 207 157 2 158 13 1 1
947 948 -950 -528.316 354 134 0 -89 27 2 2
948 -937 949 972.037 -288 -136 3 -378 340 2 1
949 -938 950 -877.196 -254 16 1 34 23 2 2
950 951 -949 616.912 176 -250 3 169 363 2 1
951 -939 952 253.498 -95 -134 3 306 165 1 2
952 953 954 -40.559 484 -232 2 167 -10 2 1
953 -940 -941 -450.957 -431 -187 3 -34 92 3 1
954 955 -948 4072 -318 -132 3 -100 152 0 2
955 -942 956 600.931 -202 -220 1 -125 -146 3 1
956 957 -947 -3057.15 213 29 2 -199 42 2 2
957 958 -946 745.261 86 -115 2 435 54 1 1
958 -943 959 235.556 94 -141 2 436 109 3 1
959 -944 -945 187.639 -143 -177 1 330 294 2 1
960 961 -953 -1020 214 -242 2 85 -277 1 1
961 -951 -952 -4080 -247 136 1 -157 -294 1 2
962 -954 963 4071.37 -184 -218 3 -24 -338 2 2
963 964 -957 1020 -272 -139 1 291 -40 1 1
964 -955 -956 1020 106 -279 2 -415 6 1 1
965 -958 -959 2117.2 150 -151 2 -149 87 1 2
966 -960 967 869.232 86 -103 0 449 -288 0 1
967 -961 968 -917 28 286 1 -139 -155 2 1
968 -962 969 0 232 223 0 242 -210 3 1
969 -963 970 -8.17399 -44 170 3 289 63 0 1
970 -964 -965 -3529.22 362 125 1 -239 -55 1 2
971 -966 972 0 -216 193 2 46 154 1 2
972 -967 973 -1411.4 -364 264 1 255 13 2 2
973 974 -970 3324.93 0 -139 2 349 59 3 2
974 -968 -969 3315.46 -192 -85 1 -352 214 2 2
976
0 60.7903 139.538 
1 148 -71 
2 157.226 -71 
3 2.3 84.4 
4 -1.11538 78.3846 
5 24.375 107 
6 10.5 84.2222 
7 10.25 91.75 
8 24.5667 79.1333 
9 17.3333 97.5 
10 25.6176 94.7647 
11 11.1471 78.5294 
12 19.9737 87.2632 
13 26.2692 88.8462 
14 215.971 -11.7059 
15 180.235 67.7059 
16 164 68 
17 152 68 
18 242.5 -24.5 
19 228.682 -24.5 
20 39.5 127.923 
21 36.6429 117.857 
22 -118 56.5 
23 -129.485 55.4697 
24 88.5769 152.949 
25 84.5 160 
26 38.7619 102.595 
27 44.5667 123.4 
28 -107.9 52.8 
29 -136 50.5 
30 -215.045 -52.1818 
31 -224.84 -49.7234 
32 230.625 5 
33 234.343 21.3134 
34 243.538 27.4615 
35 230.095 38.5238 
36 -208.056 -55 
37 -199.5 -55 
38 -39 71.6667 
39 242.5 34.5 
40 242.962 -13.6282 
41 223.6 43.6 
42 6.5 75 
43 0.5 70 
44 -8.39474 69.6316 
45 72.2857 -90.5 
46 59.2333 -92.4667 
47 -62 -174.5 
48 8.5 71 
49 177.139 -36.8947 
50 189.412 -28.4118 
51 180.2 -26.4 
52 182.409 -31.2727 
53 -15.5345 60.4483 
54 223.971 -16.2941 
55 212.315 -20.7462 
56 232.9 -16.3 
57 95.2927 147.073 
58 73.3333 159.5 
59 76.4231 141 
60 75.6818 150.636 
61 55.5 147 
62 65.1596 151.298 
63 -77.2727 -175.682 
64 -70.4 -175.3 
65 -63.8235 -163.353 
66 93.9528 126.962 
67 91.2143 112.543 
68 88.3571 98.8571 
69 163.433 -43.0333 
70 -207.5 -48 
71 57.1 131.667 
72 242.315 1.13077 
73 42.4091 -101.727 
74 32.5 -103 
75 195.082 -20.587 
76 236.875 4.58333 
77 -164.909 -148.591 
78 -166.824 -138.912 
79 -167 -131.5 
80 -176.9 65.2 
81 47.7857 -93.9524 
82 40.5 -89.8 
83 39 -96.0833 
84 24.5588 -94.5588 
85 22.7727 -103.727 
86 16.1087 -104.652 
87 7.5 64 
88 -2.5 63 
89 245.5 16.5 
90 245.5 27.5 
91 245.5 41.5 
92 139.963 -77.9136 
93 137.167 -69.6667 
94 57.6212 126.939 
95 -225.974 84.9474 
96 49.5 119 
97 58.1667 119.583 
98 67.7295 106.418 
99 46.9 91.6 
100 64.0455 91.9091 
101 77.9706 92.0588 
102 9.5 -101.4 
103 9.5 -108.273 
104 -202.155 -45.0345 
105 -205.95 82.55 
106 17.5 72 
107 11.3286 61.5714 
108 19.1 67 
109 190.375 45 
110 203 61.3333 
111 196.406 50.6522 
112 191 62.3636 
113 201.8 41.8 
114 197 59 
115 213.806 49.6667 
116 216.015 -0.718563 
117 232.13 21.1639 
118 226.5 19.6429 
119 229.571 39.6429 
120 7.3 -99.4 
121 137.818 67.1818 
122 33.5 83 
123 29.5 67 
124 66.5 -85 
125 213 -8.5 
126 200.895 -6.94737 
127 84.5 85.4 
128 51.8636 84.8182 
129 40.9545 85.2727 
130 77.5 85 
131 65.5 85 
132 -164.5 82 
133 75.2 74.2 
134 63.6379 74.1724 
135 41.5 74 
136 52.6892 73.8649 
137 -227.5 -29 
138 -224.357 -37.7143 
139 -231.9 -38.4 
140 170 63 
141 180 63 
142 -193.5 -46 
143 -203.068 -33.8182 
144 -214.417 -30 
145 60.5 -81 
146 80.5 -80.4286 
147 69.5 -81 
148 158.222 -48 
149 158.591 -59.5 
150 45.5 66 
151 67.02 66.04 
152 213.202 27.4783 
153 211.611 0.222222 
154 -75.8462 -168.115 
155 -76.1818 -160.227 
156 154 -62 
157 199 32 
158 178 53 
159 3.5 57 
160 180.322 35.3448 
161 205.662 -5.72973 
162 -225.7 -22.2 
163 201.729 24.1042 
164 148.461 -46.3519 
165 -131 -177.5 
166 -208.962 0.923077 
167 -224.65 0.9 
168 -233.5 -6 
169 -233.5 -16 
170 73.0556 60.2222 
171 142.455 -57.7955 
172 135.7 -43.4 
173 119.591 -48.3182 
174 136.045 -43.2727 
175 126 -36 
176 119.955 -44.1364 
177 158.7 -66.6 
178 96.119 60.0952 
179 109.833 56.6667 
180 175.372 -22.5676 
181 188.045 -24 
182 172.447 -36.1053 
183 178.545 -14.4545 
184 -164.5 -114.585 
185 41.5 62 
186 51.5 62 
187 62.5 62 
188 -58.8421 -152.342 
189 -122 48.5 
190 -84.1818 -174.773 
191 -81.3846 -156.808 
192 -82.7778 -167.056 
193 -68 -154.5 
194 27.3333 -82.8333 
195 36.7174 -82.913 
196 48.2059 -82.8235 
197 52.5 59 
198 -92 -171.5 
199 -104 -171.5 
200 -186.167 -57.3333 
201 -218.962 -11.9231 
202 -232.5 5.72222 
203 -232.667 22.5 
204 -225.149 17.0209 
205 -64.3265 -140.153 
206 -68.625 -149.125 
207 -233.5 56 
208 -233.5 42 
209 -127.4 -175.7 
210 -141.576 -170.106 
211 -224.5 52.75 
212 -224.5 41 
213 -221.5 70 
214 -223.567 62.8 
215 -230.333 65.75 
216 -228.676 76.1176 
217 -212.5 40 
218 -212.5 51 
219 -188.667 -52.6667 
220 92.5 -77 
221 -128 -170.5 
222 -117 -170.5 
223 -179.7 -51.6 
224 167.412 47.8235 
225 166.526 57.1053 
226 158 59 
227 158.287 -27.877 
228 142.929 -34.9286 
229 -204.5 -7 
230 -204.5 -19 
231 -187.5 -42 
232 141 65 
233 -216.038 75.6154 
234 -215.5 63 
235 193.663 -8.52885 
236 197.143 0.857143 
237 186 2 
238 199.481 14.7037 
239 176.9 43.7 
240 186.895 21.529 
241 193 43.75 
242 183.7 43.5 
243 -96 -162.5 
244 -122 -163.5 
245 -111.6 -163.1 
246 164.158 40.8947 
247 57.5 56 
248 68.3 55.6 
249 -173.5 -54 
250 198.5 -13 
251 198.731 -5.53846 
252 -180.5 -43 
253 -189.227 -32.1818 
254 -169.5 -54 
255 -171.5 -28 
256 -173.598 -39.6667 
257 -184.1 -35.6 
258 -185.75 -43.5 
259 -179.75 -29.25 
260 -185.9 -28 
261 -185.318 -29.2273 
262 146 58 
263 134.615 60.8462 
264 112.8 60.2 
265 124.762 61.8571 
266 187.633 -14.1333 
267 186.794 -7.29412 
268 176.208 -25.625 
269 175 -5 
270 179.6 -2.46667 
271 188.909 -2.63636 
272 178.651 -11.6458 
273 192.9 -7.2 
274 188 -10 
275 -129 42.5 
276 -120 42.5 
277 -140 42.5 
278 -160.5 -56 
279 192.076 3.30508 
280 26.5 57 
281 112.081 -46.0323 
282 125.962 -43.6923 
283 -210.5 69 
284 196.5 24.1154 
285 196.763 8.31579 
286 186.5 26.5 
287 169.92 18.1149 
288 188.826 13.6395 
289 -164.214 -48.7857 
290 162.286 30.8571 
291 153.714 34.2857 
292 158 25 
293 152.727 18.8182 
294 161.625 19.125 
295 162.238 -1.64863 
296 -194.5 -22 
297 -208.5 69 
298 135.378 -16.4288 
299 145.409 -28.5455 
300 143 -35.5 
301 149.5 -35 
302 135.9 -36.2 
303 136.033 -28.5333 
304 -175.5 76 
305 -163.5 76 
306 -202.5 76 
307 -193.5 76 
308 -184.5 76 
309 115.318 -72.4545 
310 98.7727 -73.1818 
311 -77 -146.5 
312 -87 -146.5 
313 -90 -156.5 
314 154.982 35.5045 
315 -202.5 66 
316 -203.433 46.5333 
317 -201.833 41.8333 
318 -200.5 30.4 
319 -204.5 31.6 
320 -215.5 28.3889 
321 -202.5 37 
322 -218.7 31.9 
323 -202.038 52.3077 
324 -202.5 58 
325 -150.58 77.36 
326 -138.108 76.6275 
327 -180.1 -21.4 
328 -189.65 -19.475 
329 -192.202 -7.05337 
330 135.565 22.8388 
331 -174.5 -21 
332 -182.033 -11.9222 
333 108.462 13.9231 
334 116.567 38.7333 
335 117.569 52.0588 
336 114.138 27.4655 
337 121.067 27.5333 
338 153.5 12 
339 138.688 10.0313 
340 140.7 -14 
341 96.9412 53.2353 
342 105.2 54.2 
343 86 52.2308 
344 -142 -165.5 
345 46.25 -70.75 
346 62 -74.8333 
347 53.6905 -73.8571 
348 73.0714 -75.5714 
349 119.781 -31.7982 
350 111.955 -25.5909 
351 117.529 -21.1176 
352 151.038 4.76923 
353 133.738 1.10317 
354 100 -28 
355 107 -28 
356 115.038 -32.4615 
357 104 -34 
358 98.8478 -33.1087 
359 114.382 -40.4118 
360 99.5667 -39.0333 
361 100.5 -50.4891 
362 109.318 -33.8182 
363 -103.333 29.8333 
364 -87.4 29.3 
365 -117 -151.5 
366 -102 -151.5 
367 -203.5 24 
368 -203.5 17 
369 -218.5 16.5 
370 -218.5 24.5 
371 85.3 -75.4 
372 -120.5 -141 
373 -110.5 -140 
374 -132.412 -156.147 
375 -146.8 -160.9 
376 -144.435 -154.63 
377 -155.808 -156.115 
378 -214 7.75 
379 104 47 
380 94 46.5385 
381 80 53.3333 
382 65.8182 45.5455 
383 65.0385 75.6923 
384 16.1154 -84.4615 
385 -171.25 -40.8125 
386 -165.5 -30 
387 -100.636 45.7727 
388 -111 45.5 
389 -212 7.75 
390 -187.093 62.5926 
391 126.679 1.60256 
392 115.458 -18.3193 
393 127.5 -17 
394 107.511 -21.5399 
395 128.9 -12.4 
396 46.2556 54.2889 
397 -210.682 7.18182 
398 -198.136 13.4545 
399 -197.3 24.2 
400 -211.042 23.8958 
401 -198.3 6.8 
402 -196.5 45 
403 -213.038 10.4231 
404 -212 1.8 
405 126.7 36.8 
406 127.357 45.7143 
407 120.533 13.2667 
408 117.867 0.866667 
409 116.017 14.9483 
410 119.84 9.06718 
411 60.6667 39.4 
412 -173.9 56.6 
413 -183.115 52 
414 -191.5 52 
415 84.7059 -42.2941 
416 75.3913 -51.4348 
417 89.2033 -51.6992 
418 70.1957 -48.8696 
419 -191.579 18.2961 
420 27.5 -76 
421 18.5 -77 
422 10.7 -80.6 
423 37.5 -76 
424 -154.735 -48.4706 
425 -190.833 -149.667 
426 -170.122 -148.189 
427 -153 -146.5 
428 -190.5 -140 
429 67.7857 48.1429 
430 50.5 48 
431 58.8846 47.6154 
432 34.5 48 
433 42.5 48 
434 -203.3 42.6 
435 -191.214 45.4286 
436 101.688 37.375 
437 -158.5 -30 
438 -157.5 -22 
439 -166.5 -22 
440 -158.5 -39 
441 -181.643 -22.3571 
442 -181.5 -14.5 
443 -166.5 -14 
444 -90.8 47.3 
445 104.885 4.88355 
446 108.759 0.724138 
447 117.58 0.8 
448 109.023 13.3182 
449 121.5 37 
450 108.417 38.5667 
451 107.318 22.7273 
452 -128.75 -145.75 
453 94.3859 24.528 
454 -180.962 44.7692 
455 -25.913 58.087 
456 -6.9 54 
457 7.5 54 
458 21.5 54 
459 98.875 -28.875 
460 -140.346 -140.538 
461 -130.853 -141.471 
462 -192.346 44.5385 
463 37.8462 31.9231 
464 64.1053 33.8421 
465 83 35 
466 85.1066 -32.9723 
467 -166.079 52.5263 
468 -165.5 65 
469 -181.346 50.2692 
470 -134 36.5 
471 -78 39.3 
472 -88.3704 41.537 
473 -105 39.5 
474 -113.105 39.0263 
475 -189.346 44.3846 
476 -151.045 -145 
477 62.3 -49.8 
478 64.7 -43.6 
479 55.5 -52.4 
480 65.5 -50.5667 
481 49.4 -47.7 
482 65.1121 -28.9044 
483 34.937 -41.4103 
484 32.3333 -39.5 
485 105.722 30.1111 
486 91.7414 30.0517 
487 93.8337 -8.97358 
488 91.2143 7.85714 
489 105.75 -2.25 
490 96.25 -8.75 
491 96 -16 
492 -144.962 56.7692 
493 -152.24 62.3493 
494 -170.346 -145 
495 -169.417 -140.083 
496 71.8824 42.1765 
497 71.5 70 
498 82.9737 69.7895 
499 -167 -121 
500 24.5 50 
501 11.5 50 
502 -11.5 50 
503 -24.0385 49.9231 
504 -0.5 50 
505 -167.368 -99.1842 
506 62 28.0769 
507 52.72 25.08 
508 49.8667 14.3333 
509 71.6154 33 
510 35.5 -20.5 
511 70.9907 20.0841 
512 54.3571 -30.4286 
513 35.0294 -26.9118 
514 75.9375 22.0625 
515 91.5 23.3333 
516 65.0441 -8.49426 
517 42.6818 -29.7727 
518 48.6957 -24.3043 
519 -149 -142.25 
520 -121.5 -137 
521 -160.9 -139.64 
522 -144.667 -137.333 
523 36 -10 
524 23.5 -51 
525 26.7654 -26.6557 
526 -159.75 -131.625 
527 -156.667 -139.944 
528 -147.818 -141.318 
529 -60.72 -130.38 
530 -171.324 -12.7941 
531 -177.615 0.519231 
532 -167.682 1.77273 
533 79.5 60 
534 76 38 
535 -16.5 -117.154 
536 -71.2273 -114.455 
537 -61.5732 -124.122 
538 -73.9286 -123.286 
539 91.7 41.6 
540 92.4091 35.0909 
541 -109.5 82 
542 39.5 -70 
543 -176 7 
544 -167.143 42.2143 
545 -182.5 44.9286 
546 -166.5 32 
547 -166.587 -4.34783 
548 -182 -7 
549 -164.192 21.6923 
550 -181.441 1.05882 
551 -181.853 11.5 
552 -166.357 8.85714 
553 -169.333 21.3333 
554 -181.667 26 
555 -181.853 32.2059 
556 -180.5 20.5 
557 -181.674 40.2826 
558 -144.571 -138.071 
559 -117.711 -132.807 
560 -137.867 -138.967 
561 -139.5 -130 
562 57.1829 41.2561 
563 88.5 51 
564 74.553 35.2968 
565 -153.53 41.303 
566 -149.5 29 
567 -157.5 30 
568 -148.962 19.2308 
569 -155.073 8.65169 
570 -157.167 23.5 
571 72.5 -1.5 
572 64.5 -1.5 
573 -38 60 
574 -53.7727 61.8182 
575 56.5 -1.5 
576 -145.455 -114.591 
577 -144 -129.389 
578 -142.857 -122.738 
579 -150.4 -128.3 
580 -156.167 -128.167 
581 -189.1 -104.6 
582 -150.929 -114.5 
583 -193.3 -126.2 
584 -151.5 -125 
585 -151.5 -132 
586 -186.167 -113.333 
587 -189.071 -128 
588 -160.265 -112.294 
589 -188.654 -118.846 
590 -169.045 -104.091 
591 -170.2 -109 
592 -160.395 -131.947 
593 -172.318 -130.636 
594 -170.5 -121.389 
595 -180.5 -104.571 
596 -181.591 -109.727 
597 -153 -121.333 
598 -155.808 -106.462 
599 -181.5 -129.5 
600 -193.115 -112.846 
601 -158.545 -106.409 
602 51.8 40.2 
603 42 20 
604 41.6923 28.5385 
605 59.2692 69.3077 
606 41.5833 47.6667 
607 56.9439 54.0357 
608 44.8571 37 
609 54.0833 77.0833 
610 52.9 68.2 
611 47.1364 -2.77273 
612 -151.889 -57.2778 
613 -153.733 -66.7 
614 -151.692 -103.038 
615 -157.176 -92.4882 
616 -155.892 -75.5 
617 48.6818 34.2273 
618 48.3 41.1 
619 63.3 34.4 
620 63.6818 41.2727 
621 -118.96 -0.3 
622 -128 -131.5 
623 52 37.75 
624 9.5 -54 
625 39.881 -39.4762 
626 -17.3 38.6 
627 -22 31.6667 
628 -29.1066 33.4754 
629 2.26923 39.1538 
630 -40.8636 34.6364 
631 -83 -139.5 
632 -100 -140.5 
633 -175.5 35.5 
634 -174.921 5.76316 
635 -160.5 -7.8 
636 35.6389 -13.8523 
637 23.8158 -35.8158 
638 -72.6316 -132.553 
639 -101.824 -133.382 
640 -90 -133.5 
641 -81 -133.5 
642 -113 -131.5 
643 37.125 80 
644 21.3462 73.3846 
645 25.3125 66.875 
646 4.5 34.5 
647 14.7326 34.2907 
648 21 79.1667 
649 45.6818 79.2727 
650 38.993 70.0845 
651 48.4231 32.4615 
652 42.8333 54.4444 
653 8.56452 44.9194 
654 34.125 44.625 
655 45.58 44.56 
656 23.0714 57.2857 
657 30.0379 38.3655 
658 25 -9.16667 
659 4.64583 -3.72917 
660 33.2778 55.9444 
661 26.5 77.4 
662 22.3333 65.5 
663 52.6 35.6 
664 35.9839 33.6935 
665 24.5 32.9 
666 -7.65789 16.3333 
667 -165.833 -2.27778 
668 -171.308 7.53846 
669 -157.5 -13 
670 39.8636 -25 
671 27.6667 -27.25 
672 0.539474 48.3158 
673 -144.5 -51 
674 -144.906 -33.5652 
675 -151 4 
676 -153.547 -7.9438 
677 15.5 1 
678 36.5 20.5 
679 37.5 5 
680 31.9211 -21.2895 
681 51.5 21 
682 -145.5 -131 
683 -172.5 21.5 
684 -172.5 36.5 
685 -170 48.25 
686 30.2619 -53.0476 
687 30.622 -67.1463 
688 30.1957 4.23913 
689 50.7 -8.2 
690 13.6818 32.9091 
691 14.0333 18.9333 
692 35 22.1667 
693 20.9 25.6 
694 41.875 20.75 
695 30.125 -23.5 
696 -135.361 -121.25 
697 -164.167 49.8333 
698 -163.611 -6.11111 
699 -161.923 -15.5 
700 -144.853 48.1176 
701 -163.5 40.5 
702 -162.533 26.0604 
703 -143.5 22 
704 -143.5 34 
705 -161.857 13.7857 
706 -143.5 12 
707 -166.167 10.5667 
708 -163.962 44.5769 
709 -172.346 -64.9231 
710 -189.5 -67.375 
711 -181.3 -72 
712 -180.683 -86.4038 
713 19.2647 -66.1765 
714 32.5 -42 
715 19.5 -60.5 
716 18.2787 -47.8525 
717 19.8636 -71.7273 
718 12.5 -4.5 
719 -19.1 -20.5 
720 3.5 -6.5 
721 -4.1 -8.9 
722 22.2419 -3.72581 
723 -104.5 -123 
724 -60.9333 -26.4667 
725 -92 -127.5 
726 -119.321 -122.036 
727 64.0455 38.2727 
728 62.1667 27.3333 
729 -114.5 -120 
730 2.66667 80.3333 
731 11.3667 79.7333 
732 -138.5 58 
733 -138.5 67 
734 12.5 -49 
735 12.5 -66 
736 -188.5 -52 
737 -184 -47.5 
738 -22.1667 46.6 
739 11.5 45 
740 -112 -121.346 
741 -159.319 -88.7714 
742 -164.3 -74.6 
743 -156.833 -72.1667 
744 -137.5 -113 
745 -103 -124.5 
746 -91 -124.5 
747 -85.4545 7.36364 
748 -72.5 82 
749 -58 -123.5 
750 -75 -124.5 
751 -67.2857 -124.071 
752 -163.452 -65.4762 
753 -139.5 12 
754 -139.5 22 
755 -154.25 9.125 
756 -145.929 39.2143 
757 -154.5 49.5 
758 -139.5 34 
759 -154.5 23.5 
760 -156 -15.5 
761 -156 -5.5 
762 -154.5 39.5 
763 -149.105 -5.71053 
764 -129.231 44.8362 
765 -135 7 
766 -140.071 44.7857 
767 -147.944 44.2778 
768 -127 -9.5 
769 -131.727 -1.68182 
770 -141.833 -0.5 
771 -136.929 -6.13265 
772 -109.786 52.2857 
773 -139.181 -66.1489 
774 -84.45 -118.65 
775 -119.409 -115.727 
776 -96.5 -118 
777 -106.5 -117.333 
778 -57.7941 -116.412 
779 11.9706 -49.4118 
780 -35.2619 -120.429 
781 -120.5 -95 
782 -105.2 -119.5 
783 -146.5 -68.5 
784 -128.214 -95.1429 
785 -134.166 -88.8965 
786 -120.318 27.0909 
787 -148.217 -16.5435 
788 -138.286 -15.6429 
789 -129.553 18.6316 
790 -128 2.45455 
791 -143.273 3.18182 
792 -136.384 22.5161 
793 -137.959 -0.795918 
794 -137.5 32.5 
795 -123.5 30.7 
796 -129.333 32.3333 
797 -88.2857 -121.929 
798 -63.5455 -38.8636 
799 -65.0909 -45.1364 
800 -67 -53.5 
801 -58.087 -51.6304 
802 -55 -94.1 
803 -67 -91.5 
804 -59.7714 -84.5857 
805 -56.7273 -61.6818 
806 -59.5584 -68.3052 
807 -57.0909 -118.045 
808 -62.2333 -110.333 
809 -93.4667 -118.433 
810 -77.1667 -107.833 
811 -80 -115.559 
812 -116.5 -104 
813 -70.5714 -92.3571 
814 -91.0455 -78.3333 
815 -89.6 -104.1 
816 -71 -115.5 
817 -110.944 -77.1111 
818 -104.682 -75.0909 
819 -112.682 -101.727 
820 -111.278 -109.444 
821 -89.1 -111 
822 -96.9762 -105.667 
823 -93.5089 -89.2768 
824 -91.5 -94.5 
825 -102.214 -109.857 
826 -112.729 -89.4 
827 -106.405 -84.1429 
828 -103.726 -98.2258 
829 -58 -100.929 
830 -73 -105.167 
831 -68.1429 -99.3571 
832 -23.5 -112.889 
833 7.5 -56 
834 7.1 -73.6 
835 7.5 -66 
836 6.5 -85 
837 -33.6538 -74.5385 
838 -25.6429 -92.0714 
839 1.5 -74.8 
840 -8.5 -72 
841 -21.5 -72 
842 -21.6376 -91.8391 
843 0.785714 -94.4286 
844 -8.77907 -107.372 
845 -47.8514 -80.6216 
846 -82.3667 -89.6667 
847 -82.6538 -80.3846 
848 -82.5 -99.2857 
849 -82.5 -109 
850 -53.2143 -84.5714 
851 -65.2578 -97.472 
852 -53.3696 -81.3478 
853 -58.0385 -111.923 
854 -46.9286 -112.429 
855 -45.75 -103.375 
856 -75.9286 -110 
857 -44.3333 -92.1667 
858 -68.6935 -83.3871 
859 1.1 -110.6 
860 -18.0833 -110.583 
861 -35.7941 -114.059 
862 43.5 43 
863 -39 -87.6667 
864 -38.5 -104.273 
865 -20.7353 -92.6471 
866 -31.1 -104.2 
867 -99.0741 -69.4259 
868 -80.6176 -71.5882 
869 -28.5882 -56.7647 
870 6.5 12 
871 -8.25902 -39.1 
872 -23.6667 -54.8095 
873 -55.7823 -5.95078 
874 -30.3333 10.3333 
875 -117.692 22.5 
876 -95.8889 -27.2778 
877 -85.8667 -27.7667 
878 -73.3846 3.42308 
879 -79 -7.5 
880 -78.9333 1.7 
881 -78.7143 9.07143 
882 -116.111 10.9815 
883 -112.375 -17.75 
884 -98.944 -5.956 
885 -104.2 3.3 
886 -37.1667 53.1667 
887 -10.5 59.6 
888 -54.5909 62.1818 
889 -25.2727 21.8182 
890 -79.6154 25.1154 
891 -32.7083 29.75 
892 -46.9848 61.5152 
893 -38.0938 52.0625 
894 -30.9211 65.4737 
895 -7.5 64.4444 
896 -17.5 65.6 
897 -16.8846 53.9231 
898 -28 49.1667 
899 -35.5435 57.4783 
900 -62.6471 21.6765 
901 -6.375 52.25 
902 -48.9 50.2667 
903 -65.0149 58.7723 
904 -115.721 69.9237 
905 -130.636 3.22727 
906 -128.879 27.8333 
907 -122.273 14.3182 
908 -135.786 51.6429 
909 -124.206 51.6176 
910 -134.633 51.3333 
911 -109.5 53.8333 
912 -84.8077 53.2308 
913 -95.0893 52.2321 
914 -131.045 56 
915 -104.318 52.7273 
916 -124.5 54 
917 -115.315 54.5926 
918 -119.118 26.9706 
919 56.5 39 
920 56.5 29 
921 58.0882 18.7647 
922 32.7308 -0.0769231 
923 23.1129 6.19355 
924 11.2272 -8.61974 
925 16.8065 -43.5 
926 37.5769 -4.30769 
927 36.54 9.04 
928 13.1748 -33.5583 
929 -113.333 26.5 
930 -107 29.5 
931 -105.81 19.7381 
932 -89.1935 20.3065 
933 -98 31.0714 
934 -111.889 -113.056 
935 -93.4 -113.3 
936 -102.529 -111.088 
937 -88.3636 -108.955 
938 -99.6667 -90.6667 
939 -84.96 -101.58 
940 -84.2105 -80.4474 
941 -84.125 -91.125 
942 -93.875 -79.5 
943 -98.6 -104.3 
944 -99.2857 -83.6429 
945 -105.15 -92.825 
946 -110.5 -104.667 
947 -93.1667 -94.5833 
948 -109.3 -79.9 
949 -76 -89.4259 
950 -74.9231 -81.0385 
951 -126.094 -112.641 
952 -123.304 -90.7754 
953 -119.2 -78.1 
954 -144.621 -106.19 
955 -142.333 -79.8333 
956 -140.154 -93.3974 
957 -130.24 -67.1567 
958 -33.1579 39.0702 
959 -30.6154 26.2308 
960 -1.10769 -25.8923 
961 16.3333 26.2222 
962 6.18182 -30.0909 
963 33.2 10.6 
964 -6.11765 -16.1765 
965 13.1184 6.89035 
966 33.5 6.13636 
967 36.5 -1.16667 
968 37.125 -13.25 
969 27.925 -7.475 
970 27.3095 -21.5952 
971 -100 -9.5 
972 119.996 17.4756 
973 -141.87 -56.5 
974 -212 7 
975 77.0333 126.967 
