884
0 0 1 0 285 -213 0 -144 337 0 1
1 -1 2 0 -256 -379 2 183 -371 2 1
2 -2 3 0 -70 -372 2 187 -362 2 2
3 4 5 0 147 272 3 -165 284 0 1
4 -3 -4 539.07 -48 209 3 306 -223 1 2
5 6 7 0 381 173 2 -380 246 1 2
6 -5 -6 0 -281 -114 2 113 223 2 2
7 -7 8 0 61 -338 2 248 -305 1 2
8 -8 9 0 153 -228 0 -39 -375 2 2
9 -9 10 0 -231 -117 1 -366 248 1 1
10 11 12 0 -31 198 2 227 -303 0 1
11 -10 -11 225.161 -15 -288 3 116 -286 2 2
12 -12 13 0 -460 143 2 400 -253 1 1
13 14 19 0 186 323 2 -459 -225 2 2
14 15 16 -531.077 -37 -301 0 23 -158 2 1
15 -13 -14 2060.97 -4 17 1 -21 165 2 2
16 -15 17 -123.702 -219 15 3 -187 55 2 1
17 -16 18 513.373 -164 -89 0 35 -13 0 1
18 -17 -18 884.142 -348 -162 2 86 -303 2 2
19 20 21 0 -334 -98 0 -487 209 1 1
20 -19 -20 -276.158 105 64 1 -28 -106 3 1
21 -21 22 0 304 350 1 302 300 1 1
22 -22 23 0 217 249 0 -300 256 3 2
23 -23 24 0 176 303 0 275 -288 2 2
24 -24 25 0 -132 216 1 293 344 2 1
25 26 28 0 -64 267 2 160 -367 0 1
26 -25 27 -295.781 -387 110 2 -332 -66 2 2
27 -26 -27 957.151 176 -366 1 217 36 2 1
28 -28 29 0 -462 275 0 -199 272 3 2
29 -29 30 0 388 135 2 424 -216 1 1
30 -30 31 0 -475 -37 0 494 190 1 1
31 32 34 0 -374 -245 1 -473 -209 2 1
32 33 -33 -518.111 279 -75 3 -201 -192 2 1
33 -31 -32 1956.36 -156 32 0 240 68 1 2
34 35 36 0 -134 -308 1 -151 319 0 1
35 -34 -35 -1608.86 -47 -228 2 -114 286 1 2
36 -36 37 0 -267 -333 1 401 -243 2 1
37 -37 38 0 185 105 3 -450 -232 2 1
38 -38 39 0 443 26 2 492 148 2 2
39 -39 40 0 7 155 3 -444 -233 1 2
40 -40 41 0 -99 -257 2 -213 258 0 2
41 42 43 0 448 225 0 -412 -317 1 2
42 -41 -42 0 2 215 1 -163 51 1 1
43 -43 44 0 70 336 1 392 -250 2 1
44 45 46 0 330 163 0 250 -290 1 2
45 -44 -45 998.699 -76 -201 2 261 -163 2 2
46 -46 47 0 307 -101 0 -69 353 2 1
47 48 51 0 218 -398 3 -30 339 2 1
48 -47 49 4.64547 270 -27 0 -395 272 1 1
49 -48 50 -696.891 -280 65 3 130 107 0 1
50 -49 -50 -245.252 -178 -27 1 -112 324 0 2
51 52 56 0 -72 -389 1 289 293 1 1
52 -51 53 0 75 -130 1 39 -90 0 1
53 -52 54 0 -239 257 3 165 -85 2 2
54 -53 55 -1208.23 -66 309 2 19 324 3 2
55 -54 -55 933.485 237 218 2 -284 -60 3 1
56 57 58 0 301 -345 2 28 -372 3 1
57 -56 -57 -4010.36 -215 232 2 -357 -367 3 2
58 -58 59 0 80 -58 0 -19 293 3 2
59 -59 60 0 319 -271 3 287 300 2 1
60 -60 61 0 -168 -352 2 -269 -353 2 2
61 62 64 0 -241 -198 0 8 326 2 1
62 -61 63 -896.59 261 129 1 -134 58 2 2
63 -62 -63 -121.111 365 -170 2 -127 146 2 2
64 65 68 0 -306 160 3 116 320 3 1
65 66 67 562.067 -100 154 0 268 299 0 1
66 -64 -65 -409.519 -82 379 3 -123 -22 0 2
67 -66 -67 860.603 16 308 2 -309 193 2 2
68 69 70 0 -204 -389 1 -362 243 2 1
69 -68 -69 0 290 -34 1 129 -55 3 1
70 71 72 0 -18 208 2 227 315 1 1
71 -70 -71 993.463 169 194 0 -108 -364 2 1
72 -72 73 0 -304 111 2 -340 249 3 2
73 74 78 0 -122 291 1 398 -219 2 2
74 -73 75 0 -196 -341 2 393 -240 2 2
75 -74 76 0 -332 -156 1 167 -235 2 2
76 -75 77 -394.84 356 157 0 413 59 3 1
77 -76 -77 3598.7 357 -163 2 -76 181 3 2
78 79 82 0 -32 391 2 -134 -369 2 2
79 80 81 14.956 102 -319 3 -344 -237 2 2
80 -78 -79 278.064 1 -31 1 215 -132 1 1
81 -80 -81 629.465 -207 -363 1 -58 -113 2 1
82 -82 83 0 191 163 1 190 -345 1 2
83 84 85 0 -230 -268 1 -14 -323 3 2
84 -83 -84 208 -140 45 2 -148 -342 1 1
85 -85 86 0 243 -251 1 494 182 3 2
86 -86 87 0 3 -320 3 -81 -353 1 2
87 88 89 0 78 348 3 210 -309 3 1
88 -87 -88 282.078 219 -306 1 -198 7 1 1
89 90 103 0 -86 -311 1 -173 -323 3 2
90 -89 91 0 76 -344 1 62 -10 3 2
91 -90 92 -395.395 154 345 0 -24 38 3 1
92 -91 93 1195.54 -335 -74 2 62 -120 1 2
93 -92 94 -437.171 -260 157 1 -302 15 2 1
94 95 -102 3734.54 -115 -125 2 239 25 0 2
95 -93 96 0 198 308 1 49 -39 1 2
96 -94 97 -1642.4 238 384 1 -283 5 2 2
97 -95 98 0 -316 240 2 -384 -183 1 1
98 -96 99 2074.18 -89 -110 3 329 -50 1 2
99 100 -101 -51.6559 245 -292 2 -106 -90 1 1
100 -97 101 -148.045 387 280 1 -162 -345 2 1
101 -98 102 0 390 -315 3 33 37 0 1
102 -99 -100 -1171.9 -324 -350 0 -97 -13 1 2
103 104 106 0 368 -295 2 -351 -364 2 1
104 -103 105 -3948.51 470 -333 0 130 -310 3 2
105 -104 -105 -174.588 483 176 1 123 -145 3 2
106 107 109 0 83 -392 2 267 295 3 1
107 -106 108 -2512 59 393 2 132 -66 1 2
108 -107 -108 -531.266 365 -220 2 -99 256 0 1
109 -109 110 0 -230 11 0 284 288 2 2
110 111 115 0 185 119 0 340 -245 2 2
111 -110 112 -581.128 -150 328 0 -55 -114 1 1
112 113 -114 3806.24 176 -221 2 -197 -83 3 2
113 114 -113 2059.85 183 5 3 209 79 2 2
114 -111 -112 -455.224 255 -91 3 160 -125 2 1
115 -115 116 0 101 -214 3 491 -196 1 2
116 117 119 -61.8123 -427 234 1 174 306 0 1
117 118 -118 453.697 246 210 3 327 -333 1 1
118 -116 -117 2463.44 232 213 2 -296 31 1 2
119 120 122 0 -188 30 3 227 300 0 1
120 121 -121 297.456 147 296 2 234 63 0 1
121 -119 -120 99.3219 256 -88 2 23 -117 3 2
122 123 124 0 -340 263 2 485 164 1 1
123 -122 -123 3851.79 313 -5 2 -455 -181 1 2
124 -124 125 0 238 -197 2 362 -228 1 2
125 126 129 0 -72 -166 2 245 258 2 1
126 127 -128 1011.75 -105 241 1 28 151 2 2
127 128 -127 -1850.83 -361 -146 3 -55 20 2 2
128 -125 -126 316.272 259 45 1 -226 -250 1 1
129 -129 130 0 258 5 1 -371 -363 2 2
130 -130 131 0 -100 392 2 -92 301 3 1
131 132 133 0 327 -213 1 247 255 1 2
132 -131 -132 0 311 -353 2 264 -131 2 1
133 134 135 0 484 -11 1 -495 -187 3 1
134 -133 -134 1339.94 -267 60 2 148 -204 2 2
135 136 138 0 -269 -199 1 -400 -268 2 2
136 -135 137 4005.16 -130 -275 2 63 306 2 2
137 -136 -137 1219.78 -347 -130 1 382 327 2 2
138 139 142 0 -396 -235 0 -166 281 1 2
139 140 -141 2369.93 -57 -110 1 -382 -79 1 2
140 141 -140 3031.18 53 33 1 345 372 2 2
141 -138 -139 -47.5494 371 -24 1 217 164 0 1
142 143 146 0 54 -312 1 476 -192 0 1
143 144 -145 796.364 282 -139 1 -382 254 0 1
144 145 -144 3290.57 334 -134 1 -483 -227 2 2
145 -142 -143 -250.29 231 149 0 0 14 2 1
146 147 148 0 -296 351 1 -490 -190 3 2
147 -146 -147 195.686 -327 -196 1 143 270 2 1
148 -148 149 0 -323 -244 1 88 294 2 2
149 -149 150 0 -331 -250 0 497 149 1 2
150 151 152 0 440 123 1 377 -217 2 1
151 -150 -151 977.382 240 -166 2 -295 27 0 2
152 -152 153 0 22 213 2 157 274 0 1
153 154 155 0 -439 144 2 426 -213 0 2
154 -153 -154 3329.45 -37 -140 1 -109 8 3 2
155 156 157 0 145 -362 2 241 255 1 1
156 -155 -156 -3155.54 -332 -244 2 95 46 2 2
157 -157 158 0 325 -66 1 223 257 1 2
158 159 160 0 139 -291 1 2 271 2 1
159 -158 -159 -1123.55 29 -311 2 134 232 3 2
160 161 172 0 -226 -60 1 443 -156 2 2
161 162 163 0 -440 -7 0 -54 187 3 2
162 -160 -161 -3430.88 279 -336 1 387 -50 2 2
163 -162 164 -1677.56 292 -109 0 437 60 0 2
164 -163 165 0 456 -180 2 26 -193 1 2
165 166 168 0 -26 98 0 493 -20 1 2
166 167 -166 971.974 147 -123 0 350 20 1 2
167 -164 -165 -2682.88 -477 -326 0 283 -7 1 2
168 -167 169 -3565.69 -121 243 1 28 -137 1 2
169 170 -171 -287.713 -310 61 2 205 -144 3 1
170 -168 171 0 -330 314 3 232 -201 3 1
171 -169 -170 2835.28 470 148 1 219 255 2 2
172 173 175 0 -276 135 0 68 259 1 1
173 -172 174 0 96 -365 2 -202 -3 0 2
174 -173 -174 0 -244 -224 2 -193 105 1 2
175 -175 176 0 255 -223 0 168 -353 2 2
176 -176 177 0 153 172 1 -467 -215 0 2
177 178 179 0 -188 -282 1 443 230 2 2
178 -177 -178 -1855.15 56 -347 3 29 190 1 2
179 -179 180 0 366 -226 0 320 -260 0 1
180 -180 181 0 493 -47 1 473 205 2 1
181 -181 182 0 184 -252 1 459 220 3 2
182 -182 183 0 -300 94 1 157 -354 1 2
183 -183 184 0 -499 -149 2 293 250 2 2
184 -184 185 0 -369 -326 1 -481 -205 0 2
185 186 188 0 -58 167 1 455 207 2 1
186 -185 187 0 231 -235 3 465 -80 0 2
187 -186 -187 -3569.75 469 85 0 246 -51 3 2
188 189 190 0 -480 -271 3 449 210 2 2
189 -188 -189 1185.24 192 70 3 108 234 3 2
190 191 192 0 -367 -143 2 481 110 3 2
191 -190 -191 -214.187 322 -307 2 369 -143 2 1
192 -192 193 0 389 -316 0 266 248 2 1
193 -193 194 0 -345 -21 1 -313 245 2 1
194 195 196 0 -480 91 1 468 -71 1 1
195 -194 -195 -3624.8 -275 255 2 177 -16 2 2
196 -196 197 0 -352 -321 0 441 174 2 1
197 -197 198 0 57 135 2 441 127 1 1
198 199 203 0 -498 67 3 433 -191 2 1
199 200 -202 -674.128 301 307 1 127 50 1 2
200 201 -201 -501.558 -260 205 2 174 -102 1 1
201 -198 202 -571.087 274 6 1 164 -93 1 1
202 -199 -200 -2458.39 -471 -122 1 33 -144 0 2
203 -203 204 0 181 -119 0 -411 -253 2 1
204 -204 205 0 -364 105 3 258 251 0 2
205 -205 206 0 -283 -236 1 375 -201 0 1
206 207 208 0 459 -138 0 417 246 1 2
207 -206 -207 -3400.29 -81 345 1 83 3 0 2
208 209 210 0 -471 350 3 236 252 0 2
209 -208 -209 526.305 -11 -131 3 102 -236 1 1
210 211 212 0 -308 194 2 137 -360 3 1
211 -210 -211 -1019.32 198 64 2 -351 -254 1 1
212 213 880 720.221 416 151 0 264 -324 1 1
213 214 216 0 46 -271 1 -460 226 1 1
214 -212 215 -2055.45 267 -213 3 -201 -70 2 2
215 -213 -214 0 -325 -248 2 28 113 0 1
216 217 218 0 11 258 3 -450 -210 2 2
217 -215 -216 -625.508 -151 253 3 -280 9 2 1
218 -217 219 0 -395 -153 1 -489 -160 2 2
219 220 222 0 27 258 3 -436 228 0 2
220 221 -220 0 178 -263 1 -446 62 2 1
221 -218 -219 719.561 -28 141 3 456 -130 0 2
222 223 224 0 -275 62 3 -495 167 0 2
223 -221 -222 48.2114 -383 179 2 -113 -144 2 1
224 -223 225 0 404 41 0 233 -294 3 1
225 -224 226 0 241 39 2 -58 257 0 2
226 -225 227 0 420 39 1 307 -259 2 2
227 -226 228 0 -417 -331 1 331 -236 3 2
228 -227 229 0 470 260 3 197 -325 2 2
229 -228 230 0 -384 -246 1 293 -280 0 1
230 231 232 0 -27 -221 2 -412 -214 0 2
231 -229 -230 0 -230 320 2 78 35 2 1
232 233 234 0 -476 -338 1 -462 -204 3 2
233 -231 -232 -2603.45 -328 298 1 -30 -24 2 2
234 235 238 0 -105 254 1 -429 -219 2 1
235 236 -236 771.657 33 -74 1 183 -41 2 1
236 237 -235 713.049 -145 -210 2 298 12 0 1
237 -233 -234 -338.658 467 -37 0 -300 -126 0 1
238 -237 239 0 -369 301 1 224 253 1 2
239 240 241 0 -406 182 1 285 -258 0 1
240 -238 -239 -275.3 135 103 2 155 -130 2 1
241 242 243 0 499 240 1 -494 -166 2 2
242 -240 -241 -936 132 300 3 -431 -123 0 2
243 244 245 0 -190 -298 3 -469 212 0 1
244 -242 -243 -1538.65 469 41 1 -294 19 0 2
245 246 249 -2947.32 393 78 0 330 -213 0 2
246 247 -247 903 73 -138 2 -183 337 0 1
247 248 -246 3576.66 32 -183 2 -98 236 3 2
248 -244 -245 -518.481 -291 -335 1 55 -163 0 1
249 250 252 0 -467 -226 2 -429 214 1 1
250 251 -250 1837.84 19 215 0 486 -191 1 2
251 -248 -249 0 293 258 1 -452 63 2 1
252 -251 253 0 -405 337 1 312 -242 1 1
253 254 256 0 -420 51 0 -486 121 1 1
254 255 -254 -1437.11 -492 239 3 -469 27 1 2
255 -252 -253 35.2613 -484 -27 1 -269 20 2 1
256 -255 257 0 376 97 3 -426 217 1 1
257 258 260 0 453 178 2 261 -272 2 1
258 -256 259 -96.5662 276 223 2 276 82 1 1
259 -257 -258 1585.03 -33 -203 2 -263 77 3 2
260 -259 261 0 -20 269 1 -408 -319 1 1
261 262 263 0 -338 -284 1 -401 -247 3 1
262 -260 -261 -687.695 -184 -286 0 32 -116 2 2
263 -262 264 0 -195 -273 1 247 -261 2 1
264 265 277 0 277 185 2 -434 -173 3 2
265 -263 266 -2273.47 340 286 1 -60 -200 2 2
266 -264 267 0 146 188 3 -480 169 2 2
267 268 269 307.428 -189 -80 0 27 170 3 2
268 -265 -266 189.366 -443 4 0 60 -296 2 2
269 -267 270 0 -313 -214 3 -37 -210 2 2
270 271 272 -948.963 35 -200 1 -137 -162 0 1
271 -268 -269 -835.897 300 240 2 -294 131 2 2
272 273 -275 715.038 12 -192 1 -313 -305 0 1
273 -270 274 0 -225 -296 3 -457 163 1 1
274 -271 275 -1913.35 -350 -31 0 -151 -147 2 2
275 276 -274 -959.908 171 -261 1 10 -48 1 2
276 -272 -273 -3015.65 380 -211 0 -364 -172 1 2
277 278 279 0 493 338 1 291 -235 2 1
278 -276 -277 3672.15 267 -212 1 -335 190 1 2
279 -278 280 0 360 -196 0 -320 243 2 1
280 281 282 0 -228 278 1 442 -161 1 2
281 -279 -280 -775.356 390 -313 1 19 -23 2 1
282 -281 283 0 -408 -135 1 -497 28 1 2
283 284 286 0 260 -8 1 213 -285 2 2
284 -282 285 -3136.87 237 -373 2 -29 -26 1 2
285 -283 -284 -39.5328 348 271 2 88 -15 3 2
286 287 289 0 260 -289 0 -357 238 2 2
287 -285 288 1676.06 -63 116 1 439 -270 3 2
288 -286 -287 -2125.67 491 311 2 -17 -59 2 2
289 290 298 0 16 275 0 -463 174 2 2
290 -288 291 -3161.05 -167 233 3 -46 -55 1 2
291 292 -296 2147.55 27 178 1 -39 -197 0 2
292 -289 293 -3998.87 93 90 1 -108 -14 2 2
293 -290 294 -514.56 -108 -184 1 -36 148 2 1
294 -291 295 -2166.94 -437 282 1 -476 110 1 2
295 296 297 8.22001 -10 205 3 -309 108 2 1
296 -292 -293 -120.04 -296 275 2 -284 171 2 1
297 -294 -295 -1559.98 -86 -204 2 -201 -109 1 2
298 299 300 0 -230 160 3 -482 -28 2 2
299 -297 -298 726.273 -350 -152 0 106 -39 3 1
300 301 302 0 181 -283 3 -481 143 1 2
301 -299 -300 -2258 302 152 0 -34 -6 1 2
302 -301 303 0 446 -217 2 209 -296 2 2
303 304 305 0 -255 224 2 -474 40 0 1
304 -302 -303 500.533 -155 -98 1 5 -226 2 1
305 306 307 0 -32 -335 0 -463 75 0 2
306 -304 -305 496.553 -412 -120 1 415 220 2 1
307 308 311 0 285 -202 1 388 -94 2 1
308 -306 309 0 -399 -219 0 244 247 2 1
309 310 -309 0 402 -171 2 434 227 1 2
310 -307 -308 -18.5438 459 235 0 173 234 2 1
311 312 313 0 180 253 3 189 251 2 1
312 -310 -311 -2101.56 267 295 0 -95 136 1 2
313 -312 314 0 347 157 2 -435 173 0 1
314 -313 315 0 238 200 2 -431 199 0 1
315 316 319 0 212 -331 0 -421 200 2 1
316 -314 317 0 366 -151 1 -273 225 1 1
317 318 -317 380.824 -395 -94 2 470 -306 1 1
318 -315 -316 -1703.42 -307 -207 1 -104 151 0 2
319 -318 320 0 -207 99 3 238 -260 2 2
320 -319 321 0 183 -138 3 384 229 1 1
321 322 323 0 -42 -231 1 -453 -108 0 1
322 -320 -321 2132.98 -172 -58 2 239 -139 2 2
323 324 325 0 -169 -308 2 -411 207 2 1
324 -322 -323 151.968 -349 83 0 -288 -57 2 1
325 326 328 0 -410 179 1 216 -268 0 1
326 327 -326 -1231.05 266 194 3 -147 74 1 2
327 -324 -325 -630.289 -50 157 1 228 24 1 1
328 329 335 0 483 173 3 -415 -210 2 2
329 -327 330 245.838 32 -25 1 -492 32 1 1
330 -328 331 -2344.6 234 -324 1 37 -112 2 2
331 -329 332 0 -121 -303 2 84 -57 3 2
332 333 -333 -1048.1 -258 144 2 -281 -38 3 2
333 -330 334 -2292.19 -494 -164 2 -368 -117 1 2
334 -331 -332 -513.61 443 180 2 -196 -207 2 2
335 -334 336 0 -131 159 1 179 -345 3 1
336 -335 337 0 232 -195 2 -284 243 1 1
337 338 877 3528.87 -152 31 2 -93 23 2 2
338 339 346 0 250 289 1 -426 -180 3 1
339 -336 340 229.107 38 -87 2 98 127 0 1
340 341 -343 -272.589 111 172 0 -206 21 1 2
341 -337 342 78.06 -155 44 1 313 276 2 1
342 343 -342 977.36 -251 -21 1 354 199 0 1
343 -338 344 704.203 -158 2 0 282 -39 2 2
344 -339 345 2184.26 -139 -89 1 -199 -228 2 2
345 -340 -341 2300.46 -303 -166 2 218 229 1 2
346 -344 347 0 -321 111 0 -441 40 3 2
347 -345 348 0 418 270 1 -335 240 1 2
348 -346 349 0 -382 116 2 -381 -355 2 1
349 350 351 0 -342 -296 0 378 226 2 2
350 -347 -348 -3059.34 372 277 2 240 234 1 2
351 -349 352 0 250 0 1 -449 123 3 1
352 353 354 0 185 -312 1 329 -225 1 1
353 -350 -351 0 -285 222 2 263 111 2 1
354 355 357 0 -456 223 3 207 -272 3 2
355 356 -354 -2097.25 81 387 2 137 22 2 2
356 -352 -353 0 -141 173 0 132 116 2 1
357 358 359 0 223 161 2 -436 -75 2 1
358 -355 -356 -2360.17 -357 -310 2 -416 -74 1 2
359 -357 360 0 -474 86 0 373 236 2 2
360 -358 361 0 -404 77 2 -390 221 3 2
361 362 366 -3700.8 421 122 2 299 -118 2 2
362 363 365 908.59 341 225 2 -374 289 2 2
363 -359 364 3619.75 144 -77 1 394 141 0 2
364 -360 -361 -899.52 -416 -288 0 64 -116 2 1
365 -362 -363 3772.3 182 -85 0 391 -101 3 2
366 -364 367 0 -212 251 2 106 254 2 1
367 368 369 0 489 -231 1 -194 245 2 1
368 -365 -366 0 303 -118 2 195 230 2 1
369 370 374 0 499 -263 1 157 -336 2 1
370 371 373 222.455 175 -102 3 148 211 1 1
371 372 -369 564.16 -90 -183 0 433 -197 2 2
372 -367 -368 925.125 27 -135 3 261 -277 1 2
373 -370 -371 2659.46 -107 -73 0 -421 -16 2 2
374 375 377 0 242 102 3 94 247 1 1
375 -372 376 0 -251 -37 0 227 23 1 1
376 -373 -374 1904.14 -45 45 3 -192 -140 2 2
377 378 383 0 418 246 2 343 -215 3 1
378 379 -380 1123.82 236 41 0 -164 185 1 2
379 380 -379 -188.162 -245 -102 3 144 -64 1 1
380 381 -378 2164.41 -105 -23 3 128 -11 1 2
381 -375 382 -1167.14 272 179 2 -114 61 0 2
382 -376 -377 2375.27 -132 -83 2 125 -258 0 2
383 384 385 0 -433 105 1 294 -227 2 1
384 -381 -382 0 -18 -328 3 -198 -211 2 2
385 386 387 0 472 -12 0 -97 246 2 1
386 -383 -384 -1548.68 53 12 1 -49 22 1 2
387 -385 388 0 -94 290 1 -413 -203 2 1
388 389 393 0 326 -320 0 -405 -250 1 2
389 390 -390 342.551 -97 -138 2 146 97 1 1
390 -386 391 -1969.88 -62 20 1 -382 -322 1 2
391 -387 392 0 316 6 2 -385 68 2 1
392 -388 -389 -397.995 -51 -316 3 -187 30 0 1
393 394 399 0 242 116 1 -428 -161 1 2
394 -391 395 -3892.24 475 -214 3 -237 18 2 2
395 -392 396 170.844 -10 130 1 322 77 1 1
396 397 398 1654.64 -375 -153 1 -310 222 2 2
397 -393 -394 -1308.75 -467 -217 2 -140 121 2 2
398 -395 -396 -899.238 142 13 1 -195 22 2 2
399 -397 400 0 332 228 0 -392 223 2 2
400 -398 401 0 -457 294 2 190 -325 1 1
401 402 406 0 -65 207 1 -405 195 0 2
402 403 404 499.223 -330 141 2 161 -25 2 2
403 -399 -400 816.405 -267 -90 2 449 -272 1 2
404 -401 405 0 -499 -296 3 -207 -142 1 1
405 -402 -403 -2341.17 36 -294 1 -129 -119 2 2
406 -404 407 0 433 -156 2 -17 -360 1 2
407 -405 408 0 209 -182 3 -396 217 1 2
408 -406 409 0 -153 -305 1 357 224 2 1
409 410 418 0 445 -13 1 -418 -170 3 2
410 -407 411 0 499 -306 1 -8 -198 2 2
411 -408 412 0 185 221 2 55 185 0 1
412 413 -415 -253.251 -433 180 3 -106 -43 2 1
413 -409 414 -913.301 -304 148 1 -205 33 2 2
414 -410 415 -2018.52 144 196 1 -397 157 1 2
415 -411 416 -1574.29 -417 -227 2 -125 31 2 2
416 417 -414 -2436.33 -486 -144 2 -93 -59 0 2
417 -412 -413 241.102 -284 -78 3 114 293 3 1
418 419 420 0 184 236 2 -433 -66 2 1
419 -416 -417 1359.28 -230 -134 2 -309 -199 1 2
420 421 -875 852.379 365 -57 1 316 -245 3 1
421 422 429 0 -265 56 3 -424 127 1 1
422 -418 423 -2492.48 105 -268 3 -210 176 2 2
423 424 -425 208.684 -342 -2 0 -403 -26 2 1
424 425 -424 586.36 -316 188 2 -237 -201 3 1
425 426 -423 -348.853 -164 -251 1 -17 84 1 2
426 427 -422 -48 301 -202 0 -210 51 2 1
427 -419 428 -2720.02 481 92 1 38 8 2 2
428 -420 -421 -471.267 -408 184 0 -343 68 2 1
429 430 431 0 -478 -176 3 -430 160 1 1
430 -426 -427 -778.134 480 221 1 -42 -22 2 1
431 432 875 2471.2 356 37 1 -253 12 0 2
432 433 436 0 -301 -13 2 372 39 3 1
433 -428 434 0 -337 -94 0 -41 201 1 2
434 -429 435 -3754.56 -463 -39 0 64 38 1 2
435 -430 -431 -733.744 426 -196 1 231 -202 2 1
436 437 440 0 -5 -338 0 370 -159 3 2
437 -432 438 -878.716 -322 -26 3 221 -94 1 1
438 439 -435 3462.92 -52 -129 2 -228 -223 2 2
439 -433 -434 1850.36 303 -118 2 -167 155 0 2
440 -436 441 0 -189 -326 2 -114 -345 3 1
441 -437 442 0 116 -338 1 347 -203 1 1
442 443 445 0 480 13 2 -290 -357 1 2
443 -438 444 1020 -331 -211 1 321 -292 3 1
444 -439 -440 -994.889 -437 321 1 -223 -165 1 2
445 446 449 0 -424 -170 2 123 -351 1 2
446 447 448 1020 24 -254 2 484 -275 0 1
447 -441 -442 438.009 -248 7 2 471 -240 0 1
448 -443 -444 2735.93 35 15 1 -185 124 3 2
449 -445 450 0 -344 -148 2 -422 -8 1 1
450 -446 451 0 -364 190 0 223 -256 2 2
451 452 453 0 -469 -211 1 349 223 1 1
452 -447 -448 -2870.28 -205 159 0 280 229 2 2
453 454 460 0 35 -258 2 -375 -316 1 1
454 -449 455 -291.408 34 96 2 -186 -149 0 1
455 456 457 0 170 -229 1 -339 -338 2 2
456 -450 -451 0 215 323 1 -167 56 2 1
457 -452 458 0 267 187 0 20 -27 1 2
458 459 -455 -1940.16 -43 164 1 -96 -249 3 2
459 -453 -454 2016.29 -184 -280 3 215 322 3 2
460 -456 461 0 6 -191 3 360 -193 2 2
461 462 465 0 323 -214 2 360 -174 1 1
462 463 -460 3789.18 205 -179 3 -33 272 1 2
463 464 -459 146.639 25 120 3 -395 141 2 1
464 -457 -458 -450.667 419 -99 0 275 -91 0 1
465 466 467 0 -86 -277 3 268 -233 2 2
466 -461 -462 1040.97 -167 -170 2 -252 -44 1 2
467 468 470 0 -329 -37 3 -381 -318 2 2
468 469 -465 4080 -354 -274 2 -181 -345 2 2
469 -463 -464 3509.09 -244 -61 3 -402 -2 3 2
470 471 473 0 -187 -242 1 41 -322 3 2
471 472 -468 85.3751 62 -198 2 116 -113 2 1
472 -466 -467 816.014 -93 -186 3 -293 373 1 2
473 -469 474 0 481 -34 1 -420 -163 1 2
474 475 476 0 -175 -309 1 368 182 1 2
475 -470 -471 212.114 -41 107 1 250 140 2 1
476 -472 477 0 59 272 2 214 -261 1 2
477 478 874 909.382 300 -114 3 491 136 0 1
478 479 481 0 440 83 3 283 229 2 2
479 480 -475 596.162 317 -20 1 403 -299 1 1
480 -473 -474 -2126.54 -208 78 2 131 218 2 2
481 -476 482 0 453 -328 2 325 -207 1 1
482 483 484 0 177 -315 2 326 221 0 1
483 -477 -478 -849.745 455 -291 1 -163 5 1 1
484 -479 485 0 -464 -192 2 273 231 1 1
485 486 489 0 70 -236 2 358 -33 2 2
486 487 488 143.384 119 -48 2 13 232 3 1
487 -480 -481 -276.231 224 307 2 156 -88 0 1
488 -482 -483 0 -201 149 3 292 213 1 2
489 -484 490 0 -232 -227 1 -422 32 2 1
490 -485 491 0 -264 -75 1 305 -220 2 1
491 492 505 -698.062 -92 182 1 298 -152 3 1
492 -486 493 -3375.93 -407 -328 2 -185 -143 3 2
493 -487 494 0 -260 5 1 -131 194 1 2
494 -488 495 0 -277 41 0 -1 189 1 2
495 496 497 0 -389 21 2 49 -217 0 2
496 -489 -490 0 -390 310 1 313 42 2 2
497 498 499 -2259.25 -377 195 0 136 111 1 2
498 -491 -492 -166.245 94 158 0 286 50 2 1
499 500 504 3611.38 -32 -155 1 -377 -12 1 2
500 -493 501 0 493 68 0 309 -212 2 1
501 -494 502 0 -204 319 1 85 -213 2 2
502 503 -497 -892.204 -64 55 0 146 -108 1 1
503 -495 -496 3557.56 37 -150 1 -241 127 3 2
504 -498 -499 -3722.02 487 -80 2 140 -125 2 2
505 506 508 0 306 -186 1 236 -234 1 1
506 -500 507 0 -183 139 1 -223 -82 0 1
507 -501 -502 -2405.47 103 207 1 -1 32 1 2
508 -503 509 0 453 27 0 -393 202 1 1
509 510 515 0 334 126 2 313 198 2 1
510 511 -509 2332.9 -114 101 1 352 324 2 2
511 -504 512 -3784.04 -32 -278 0 78 -114 3 2
512 513 514 234.475 159 -22 2 -355 -78 2 1
513 -505 -506 247.142 -171 -85 2 -270 -70 1 1
514 -507 -508 0 437 -14 2 -61 226 0 2
515 -510 516 0 -72 265 1 -421 36 0 2
516 -511 517 0 -283 320 2 349 199 1 1
517 518 528 0 -485 177 3 288 201 1 1
518 519 525 0 418 -219 2 187 -125 0 1
519 -512 520 169.268 290 89 2 404 -106 2 2
520 521 -518 864.359 274 -41 1 -32 -160 2 1
521 -513 522 -634.51 130 97 3 -86 -73 0 1
522 -514 523 0 -325 -278 2 -195 219 0 1
523 -515 524 386.955 -28 -88 0 414 47 2 1
524 -516 -517 744.366 100 97 1 495 -355 2 2
525 -519 526 0 -293 -239 0 302 -123 1 2
526 527 -522 202.47 -206 -118 2 365 72 2 2
527 -520 -521 1622.87 218 167 3 -348 38 1 2
528 529 530 0 -268 -19 0 264 -226 0 2
529 -523 -524 -756.66 -204 277 1 -185 48 2 2
530 -525 531 0 386 336 0 305 -207 1 2
531 -526 532 0 -456 321 1 -389 207 3 1
532 533 535 0 -455 46 1 55 -342 2 2
533 534 -529 573.233 121 5 1 -332 -122 3 1
534 -527 -528 2336.49 11 -163 1 37 -20 1 2
535 536 541 0 -251 -194 3 258 -216 2 1
536 537 539 0 -418 -108 2 288 -181 1 2
537 -530 538 313.463 181 -204 0 -351 -224 2 1
538 -531 -532 -993.687 -107 204 1 60 -137 2 2
539 -533 540 55.3979 0 -38 1 396 62 2 1
540 -534 -535 15 -192 -72 0 21 -138 0 1
541 -536 542 0 -450 150 2 234 -238 0 2
542 543 564 0 -337 -278 3 -407 129 2 1
543 544 -558 1570.71 -165 19 2 -140 -137 2 2
544 -537 545 0 419 271 1 -14 -201 3 2
545 546 -557 596 33 128 2 -195 329 2 1
546 547 -556 1008.57 -7 -21 2 225 -199 3 1
547 -538 548 -865.987 275 267 1 -204 -85 1 1
548 -539 549 0 371 -83 2 -103 -196 0 1
549 -540 550 -460.078 -369 -143 2 -205 187 1 1
550 551 -555 -400.347 395 -59 0 10 101 3 2
551 552 553 -1689.88 -300 -159 3 -369 18 2 2
552 -541 -542 -759.725 128 -241 3 -15 12 1 1
553 -543 554 1350.97 -171 -58 2 353 116 1 2
554 555 -554 -209.796 284 -206 2 -175 48 2 2
555 -544 556 -188.495 -375 -88 2 -267 -116 1 1
556 557 -553 439.37 -166 144 0 -216 129 1 1
557 -545 558 231.88 -68 18 2 144 -328 0 2
558 559 -552 632.689 -20 -62 3 -406 106 0 1
559 -546 560 -103.933 26 -140 0 80 -130 0 1
560 561 -551 756.232 -328 190 1 342 223 3 2
561 -547 562 289.806 -136 110 1 244 255 2 1
562 563 -550 -225.321 258 98 2 -355 62 0 1
563 -548 -549 -469.189 -416 -153 2 -390 113 1 1
564 565 568 0 396 18 1 -408 -93 3 2
565 566 567 504.943 -202 -31 2 300 50 2 1
566 -559 -560 -390.031 -436 81 1 28 -189 1 1
567 -561 -562 1764.72 85 -85 1 -268 276 3 2
568 569 574 -2524.46 36 -309 1 336 -71 1 2
569 570 -568 1575.87 147 36 2 6 139 0 2
570 571 573 893.413 -101 -82 1 -488 181 0 1
571 -563 572 -541.72 -343 182 3 116 126 1 1
572 -564 -565 936.612 75 -89 0 -368 -49 3 2
573 -566 -567 1633.75 343 14 1 87 238 1 2
574 575 873 826.668 252 179 1 417 242 2 1
575 576 577 0 -220 -273 2 194 -285 1 2
576 -569 -570 0 307 236 0 -158 -305 2 1
577 578 582 -792.582 229 201 2 -402 173 1 2
578 -571 579 248.872 -309 -85 1 -498 -237 2 1
579 -572 580 -515.308 457 24 0 -299 137 1 1
580 -573 581 -448.317 -470 49 1 -328 155 2 1
581 -574 -575 -118.101 -120 217 3 -130 81 1 1
582 -576 583 0 249 -241 3 283 -211 2 1
583 584 595 0 268 105 1 328 179 1 2
584 -577 585 -2344.47 -175 -135 1 158 56 2 2
585 586 594 -504.433 -321 -156 1 230 -74 2 1
586 587 -586 2515.76 9 -37 2 -23 -209 2 2
587 588 589 -1100.98 70 11 2 213 -4 2 2
588 -578 -579 282.643 347 121 1 165 218 2 1
589 590 -585 2297.52 287 188 1 -213 -121 2 2
590 591 -584 3196.66 9 -109 1 -434 -188 2 2
591 -580 592 -2567.93 484 -188 2 338 33 0 2
592 -581 593 -1746.82 -286 -311 1 -98 -61 2 2
593 -582 -583 634.186 185 173 2 494 55 2 1
594 -587 -588 469.948 73 -70 3 427 -174 1 2
595 596 598 0 7 -290 2 -299 -339 1 1
596 -589 597 0 150 230 0 53 -121 2 1
597 -590 -591 2094.31 -71 -180 1 -367 -284 3 2
598 599 600 0 -307 213 3 353 -46 3 1
599 -592 -593 196.295 235 115 2 -185 302 2 1
600 601 606 0 415 252 1 333 183 2 1
601 602 -599 2710.02 289 -113 0 476 -276 3 2
602 -594 603 -2296.8 488 36 1 175 -81 1 2
603 604 -598 -2323.03 -247 183 2 100 -95 1 2
604 605 -597 -544.434 232 288 2 -135 -73 2 1
605 -595 -596 -3077.24 199 199 2 121 27 3 2
606 -600 607 0 -184 363 3 229 -238 1 2
607 -601 608 0 -295 266 1 275 219 0 2
608 -602 609 0 -388 25 2 216 -253 2 1
609 -603 610 0 -448 114 2 -394 -316 0 1
610 611 617 0 271 105 1 -405 20 3 2
611 612 613 0 406 -270 3 67 -220 1 2
612 -604 -605 0 -272 284 2 -253 -230 2 2
613 -606 614 0 468 -95 2 -28 -205 0 2
614 615 -610 243.003 -111 156 0 -166 139 1 2
615 -607 616 -805.126 -486 -205 1 -5 -84 2 1
616 -608 -609 -452.973 483 -259 1 -220 -186 2 1
617 618 619 0 -334 -312 2 350 58 1 1
618 -611 -612 -567.612 186 -188 2 313 -156 0 1
619 620 641 0 30 -214 1 131 -308 2 2
620 621 622 0 229 -66 3 196 -293 0 1
621 -613 -614 -2801.03 37 153 0 150 -78 2 2
622 623 -634 3400.21 -342 -232 1 -154 7 1 2
623 624 635 0 485 -267 1 -332 -87 1 1
624 625 -626 576.028 -233 -103 2 -240 -141 1 2
625 -615 626 -510 102 308 3 103 -334 1 1
626 627 -625 596.079 -148 -213 2 -220 -144 1 1
627 -616 628 -1654.92 -373 -66 1 -247 -91 2 2
628 -617 629 -735.221 -482 69 3 -34 -57 0 1
629 -618 630 0 127 281 3 -188 63 1 2
630 -619 631 0 400 -55 2 -362 -45 1 2
631 -620 632 0 418 -336 0 161 -249 0 1
632 -621 633 2509.22 -331 0 2 -445 -165 1 2
633 -622 634 -3708.29 -144 187 0 -101 -235 3 2
634 -623 -624 3505.35 -184 -9 2 396 140 1 2
635 -627 636 1020 -69 -263 3 -485 337 3 1
636 637 -633 635.296 -297 -25 2 -31 -21 0 1
637 -628 638 -734.085 180 -78 1 56 -133 1 2
638 639 -632 -455.761 363 -247 1 -68 -146 0 2
639 -629 640 2524.25 -129 -138 0 448 -113 2 2
640 -630 -631 993.912 -78 -226 2 133 45 3 2
641 -635 642 0 3 220 1 -282 227 0 1
642 643 645 0 377 275 2 -375 -316 3 1
643 -636 644 4080 114 -226 0 -370 330 0 2
644 -637 -638 505.182 17 -141 3 158 -200 0 2
645 646 648 0 -18 -319 3 151 -310 2 2
646 647 -641 0 -258 -244 2 -226 -77 2 2
647 -639 -640 -2291.87 -199 156 0 -131 -233 0 2
648 649 654 -449.573 -408 -263 2 -323 -322 2 1
649 -642 650 378.032 -108 -168 2 479 -140 1 2
650 651 -647 -310 -265 187 2 -281 -130 2 2
651 652 653 -1228.75 -297 -94 2 -73 -44 1 2
652 -643 -644 -266.205 52 -392 1 -361 -271 1 1
653 -645 -646 -1989.91 398 94 2 -63 -46 2 2
654 -648 655 0 -221 252 0 318 -154 1 1
655 656 659 0 387 -214 2 -397 -273 1 1
656 657 658 -4068.32 138 -56 0 -389 -186 1 2
657 -649 -650 0 -291 231 2 -101 91 1 1
658 -651 -652 3134.05 68 -39 2 -58 -370 1 2
659 -653 660 0 -426 268 2 -332 -324 2 2
660 661 662 0 -140 289 3 333 118 0 1
661 -654 -655 -526.693 -126 -29 2 -100 -117 1 2
662 -656 663 0 -488 144 2 155 -315 1 2
663 -657 664 0 -198 334 2 -324 -327 2 2
664 665 671 0 -361 300 1 325 50 0 2
665 -658 666 -2433.71 218 -241 2 72 145 1 2
666 667 -664 789.542 277 -94 2 212 207 3 1
667 -659 668 -408.604 -346 -33 1 -30 -59 3 1
668 669 -663 1971.51 -56 11 1 25 -20 3 2
669 -660 670 445.924 2 -70 0 414 -2 1 1
670 -661 -662 622.575 109 34 1 417 -268 2 1
671 672 675 0 291 314 0 113 -327 3 2
672 673 674 1309.9 4 36 2 -295 174 1 2
673 -665 -666 0 329 -33 1 145 -262 2 1
674 -667 -668 0 -85 136 2 117 -245 1 2
675 -669 676 0 60 242 2 142 -313 2 1
676 -670 677 0 27 -140 2 118 -318 2 2
677 678 684 0 -446 208 2 288 -166 3 2
678 679 682 3587.57 233 -100 2 342 363 3 2
679 -671 680 1705.53 255 -110 1 -5 -292 2 2
680 -672 681 -2574.46 253 319 1 -167 50 2 2
681 -673 -674 0 -395 -317 0 301 180 2 1
682 -675 683 0 400 -280 1 306 124 1 2
683 -676 -677 0 250 249 3 300 -116 2 2
684 685 686 0 329 291 3 307 194 2 1
685 -678 -679 407.787 70 -139 1 -342 -293 3 1
686 687 839 363.523 -330 -286 1 -397 -18 3 1
687 688 689 0 -397 179 2 209 -252 3 1
688 -680 -681 2452.17 -33 14 1 213 -361 3 2
689 690 699 0 -87 227 2 291 148 0 1
690 -682 691 -447.098 225 80 1 -108 61 2 1
691 692 -691 -872.216 153 -215 2 -30 -60 0 2
692 -683 693 -1000.44 -316 -205 1 80 -34 2 1
693 694 695 870.943 -97 -40 0 5 205 1 2
694 -684 -685 51.066 -203 189 3 -192 287 2 2
695 -686 696 -2572.05 235 306 0 135 78 2 2
696 -687 697 0 -363 -283 1 224 197 0 1
697 -688 698 -2509.54 -258 3 1 -127 126 2 2
698 -689 -690 337.326 78 82 1 -176 -110 0 1
699 -692 700 0 238 -97 0 270 -211 0 1
700 -693 701 0 486 24 1 104 -326 3 1
701 702 705 0 -442 -128 2 225 243 2 1
702 703 704 -1002.76 -376 -67 1 -152 -68 2 2
703 -694 -695 -2089.95 -311 -64 1 -97 -148 2 2
704 -696 -697 -1910.86 -273 335 3 -12 132 1 2
705 706 708 0 426 87 3 -104 -333 1 2
706 707 -700 20.2267 16 35 0 -306 -231 1 1
707 -698 -699 246.043 -159 43 1 89 134 2 1
708 -701 709 0 291 52 1 -214 -329 3 1
709 -702 710 0 87 210 2 -108 242 1 2
710 -703 711 0 -432 -79 2 304 14 1 2
711 712 713 0 388 -132 2 297 45 2 2
712 -704 -705 -303.385 -483 130 2 -73 137 1 2
713 714 716 0 351 12 1 256 -184 0 2
714 715 -708 907 247 -199 2 -30 -218 1 1
715 -706 -707 437.736 131 189 1 275 159 1 1
716 717 719 0 -150 -228 0 -376 -245 3 2
717 -709 718 985.949 -75 7 0 -326 216 0 1
718 -710 -711 -0.721 219 -313 2 -390 81 2 2
719 720 726 -6.40553 32 -158 2 -112 -316 2 1
720 721 725 497.5 125 -284 2 333 -14 1 1
721 722 723 0 -392 379 1 -309 -216 2 2
722 -712 -713 -83.758 222 -45 3 -123 -42 0 2
723 -714 724 0 368 -331 0 114 -224 2 1
724 -715 -716 -85.4698 -35 281 2 106 -209 3 1
725 -717 -718 263.456 -264 -295 2 175 -303 2 1
726 727 728 -3352.75 -55 -25 1 167 -265 1 2
727 -719 -720 4030.52 -269 -144 3 -327 124 1 2
728 -721 729 0 452 114 2 22 -315 2 1
729 730 733 0 426 -302 3 -378 -266 3 2
730 731 732 1020 10 -250 1 185 -363 1 1
731 -722 -723 -860.089 366 -105 0 -265 64 3 2
732 -724 -725 -51.7852 -425 -247 1 -170 -98 2 1
733 -726 734 0 -177 243 0 -403 -207 2 2
734 735 736 0 -236 158 2 287 199 3 1
735 -727 -728 -1627.85 407 -197 1 -89 -78 1 2
736 737 738 0 -132 275 1 242 239 1 1
737 -729 -730 -121.007 284 138 2 33 -2 0 1
738 739 744 0 324 -4 2 -219 -311 2 1
739 -731 740 0 204 180 0 -314 -22 1 1
740 -732 741 0 365 -199 2 -305 21 1 2
741 -733 742 0 386 -194 0 -292 -167 0 1
742 743 -736 510.224 -281 -17 2 254 333 2 2
743 -734 -735 0 -48 153 0 128 -114 1 1
744 745 750 0 174 -164 1 223 -191 3 2
745 -737 746 0 147 222 0 -90 157 2 2
746 -738 747 0 -36 -213 1 240 -219 3 2
747 748 -742 1012.41 2 -150 0 111 167 1 2
748 749 -741 777.162 6 -119 1 337 -243 0 1
749 -739 -740 -228.278 -14 269 1 -266 -166 2 1
750 -743 751 0 17 219 2 -295 225 1 1
751 -744 752 0 -350 -46 1 294 -55 1 1
752 -745 753 0 -67 222 1 31 241 2 2
753 754 762 0 -114 215 1 -353 -266 2 2
754 -746 755 0 369 -163 2 73 -236 2 1
755 -747 756 -505.016 87 -330 2 -78 -218 2 1
756 -748 757 -509.926 210 -210 0 28 83 3 2
757 758 -754 1843.38 -293 -141 2 -370 243 1 2
758 -749 759 -1922.37 62 194 2 -69 -105 2 2
759 -750 760 1471.02 30 -26 2 154 -117 2 2
760 761 -753 -81.0923 -277 -399 1 -115 44 2 1
761 -751 -752 306.504 -309 77 2 -289 115 1 2
762 -755 763 0 -301 71 0 207 241 3 1
763 -756 764 0 -88 337 0 -401 52 2 1
764 765 766 0 407 -243 3 127 -306 2 2
765 -757 -758 157.931 181 75 1 -59 -309 2 1
766 -759 767 0 5 -233 1 -385 -256 0 2
767 -760 768 0 466 -309 1 293 -36 2 1
768 769 774 0 99 -328 1 -110 -306 1 2
769 -761 770 0 -134 -322 2 -319 -187 3 2
770 771 772 -602.034 -254 186 2 -52 39 2 1
771 -762 -763 781.019 -283 22 0 0 -321 1 2
772 -764 773 306.322 96 -198 2 52 391 1 2
773 -765 -766 265.825 -113 -150 1 386 233 1 2
774 775 778 0 262 10 2 -391 -235 2 2
775 776 -770 0.193487 -292 139 1 311 80 1 2
776 777 -769 -3017.07 128 143 1 -337 -217 1 2
777 -767 -768 -201.56 54 124 2 12 -7 0 2
778 -771 779 0 53 307 3 292 -49 3 2
779 780 785 0 340 -233 2 283 192 1 1
780 -772 781 -879.351 312 63 1 -145 -46 3 1
781 -773 782 0 -60 316 1 -83 -149 2 2
782 -774 783 -375.029 -95 262 1 -94 -74 2 1
783 784 -777 -1046.76 -273 -144 3 136 -34 1 2
784 -775 -776 -2469.97 -438 157 1 206 -46 3 2
785 786 789 0 290 271 1 268 208 0 1
786 -778 787 -669.954 459 -54 2 270 197 2 1
787 788 -781 2754.45 32 -16 0 18 -237 2 2
788 -779 -780 0 285 -99 2 3 -107 2 2
789 790 837 985.751 -160 157 2 495 138 2 1
790 791 793 -797.342 -109 166 3 198 125 0 1
791 -782 792 0 197 343 2 252 -57 0 2
792 -783 -784 0 -394 -53 3 231 -115 2 1
793 794 802 0 -365 -288 3 -399 155 3 2
794 795 796 1627.73 -47 -141 2 -310 241 2 2
795 -785 -786 -2050.78 -481 216 2 -20 -57 1 2
796 -787 797 209.742 -128 -100 0 -116 179 0 2
797 798 -793 -454.48 123 167 1 -397 -48 2 1
798 799 -792 819.508 -210 45 2 187 -133 1 1
799 800 -791 -172.252 410 325 0 -133 -68 2 1
800 -788 801 555.607 -66 -49 1 -440 95 1 1
801 -789 -790 928.112 -308 92 2 163 300 3 2
802 803 808 0 -293 11 2 284 -75 0 1
803 804 807 3983.52 228 -123 1 -230 12 2 2
804 -794 805 -1989.58 -260 94 0 125 116 0 2
805 806 -797 3498.14 -27 -82 2 -130 -319 3 2
806 -795 -796 882.916 265 30 2 98 -303 0 1
807 -798 -799 -400.501 63 -260 2 248 21 0 1
808 -800 809 -3815.6 -81 -103 3 116 -263 2 2
809 810 812 0 -141 -174 1 107 -286 3 1
810 811 -803 4080 -324 -274 3 -268 83 1 2
811 -801 -802 464.378 -218 -279 1 185 34 2 1
812 813 817 0 242 -64 2 230 228 1 1
813 814 -808 261.584 -118 -42 1 -384 -27 0 1
814 815 816 -412.406 162 -142 1 207 145 2 1
815 -804 -805 -1961.1 212 -136 0 180 30 2 2
816 -806 -807 -2099.07 370 -53 0 -241 30 3 2
817 818 819 0 -176 -154 1 -370 -235 1 2
818 -809 -810 558.702 -14 -202 3 15 17 3 2
819 820 823 0 -40 -313 1 273 160 1 1
820 -811 821 -1006.9 -271 -78 2 159 -79 1 1
821 822 -814 -355.903 -40 192 0 -190 -31 0 2
822 -812 -813 -207.654 -292 72 1 -78 -104 1 1
823 824 831 0 -352 191 1 -355 203 0 1
824 -815 825 -590.968 145 -134 1 -9 -56 1 1
825 -816 826 -875.363 -256 283 1 -96 0 1 1
826 827 -822 2085.14 -28 -55 0 -254 -198 2 2
827 828 -821 2786.1 136 68 1 -458 38 2 2
828 829 -820 2786.19 76 86 2 -304 184 2 2
829 -817 830 0 262 291 0 138 9 2 1
830 -818 -819 934.673 -336 -23 2 476 232 1 2
831 832 -829 0 -309 -109 1 -377 181 2 1
832 833 -828 -519.244 338 72 3 -73 117 3 2
833 -823 834 112.991 -198 145 1 316 -202 1 1
834 835 -827 339.492 -325 130 2 155 96 1 1
835 836 -826 1580.92 -56 10 1 -270 -4 2 2
836 -824 -825 2361.03 26 -27 1 466 248 1 2
837 838 -832 844.215 -356 -142 0 -132 -205 1 3
838 -830 -831 1042.63 -343 148 1 228 -286 1 2
839 -833 840 0 377 -35 3 148 13 2 1
840 -834 841 0 131 -111 0 136 -74 1 1
841 842 869 -54.8434 288 -102 2 -225 -122 1 2
842 843 844 208.116 -29 -26 3 43 185 3 1
843 -835 -836 1191.71 -63 -167 1 70 81 1 2
844 845 -862 1016.62 -168 -196 2 -332 142 1 1
845 846 847 -3292.94 313 -274 0 -254 4 0 2
846 -837 -838 -360.575 248 -11 1 -285 -40 3 1
847 -839 848 0 353 -372 2 133 76 1 2
848 -840 849 0 23 239 1 -380 -310 2 1
849 850 868 2094.34 -282 -263 3 -129 66 0 2
850 851 854 -1036.54 318 -87 0 122 -38 1 2
851 852 -844 4080 -257 -157 3 -155 269 2 2
852 853 -843 367.995 -4 -145 3 -28 318 3 1
853 -841 -842 -460.969 -217 166 2 -365 39 1 2
854 855 -859 3762.97 -209 -7 1 47 283 1 2
855 -845 856 -3702.48 154 282 1 -178 -37 0 2
856 -846 857 -2594.73 127 264 1 -310 12 1 2
857 -847 858 -470.52 -395 -168 2 -16 77 1 1
858 -848 859 0 358 138 0 -384 95 2 1
859 -849 860 0 -174 -338 1 -386 36 1 1
860 861 862 0 364 -290 3 63 -309 2 2
861 -850 -851 -164.501 -89 168 2 25 51 1 1
862 -852 863 0 27 270 0 -363 -320 1 2
863 -853 864 0 362 -336 2 51 104 1 2
864 865 -858 -342.727 45 -80 1 -39 -4 2 2
865 -854 866 -545.334 -344 -136 0 19 -159 2 2
866 -855 867 319.269 -252 -268 2 -123 395 1 1
867 -856 -857 494.331 -257 -37 1 -224 368 1 1
868 -860 -861 -154.052 329 -286 3 -56 -102 3 1
869 -863 870 -2478.99 99 -81 0 -71 -192 0 2
870 -864 871 1998.7 -27 -221 2 149 -252 1 2
871 -865 872 305.069 -58 22 0 284 334 2 1
872 -866 -867 -2667.8 -25 224 1 -228 -115 3 2
873 -868 -869 -59.3571 -417 268 2 328 -58 1 1
874 -870 -871 0 436 -115 1 4 -142 0 2
875 -872 876 0 -475 -131 0 225 217 2 2
876 -873 -874 0 -121 253 1 -80 206 0 1
877 878 879 -418.448 -40 -264 1 77 -8 2 1
878 -876 -877 -8.35371 90 177 3 -344 27 3 1
879 -878 -879 -2403.05 -243 -272 1 -113 150 1 2
880 -880 881 871.561 255 -90 3 148 -349 0 1
881 -881 882 825.959 359 -42 3 -125 355 3 1
882 -882 883 -860.786 -386 345 0 41 -88 0 1
883 -883 -884 -1173.24 -61 196 2 238 74 0 2
885
0 55.5 147 
1 -65 -176.5 
2 -63 -169.5 
3 16.3 101.8 
4 12.7308 94.8462 
5 -135.667 50.881 
6 -142.8 48.9 
7 55.6333 -97.9333 
8 -125 -177.5 
9 -124.75 55.25 
10 44.2143 -99.5714 
11 34.2143 -100.714 
12 159.294 -71.9412 
13 -201.468 -51.5806 
14 -208.9 -47.4 
15 -232.038 -55.5385 
16 -215.3 -55.2 
17 -225.328 -49.6552 
18 -214.1 -46.6 
19 -229.5 64 
20 -229.5 80 
21 107.065 151.783 
22 -112.692 57.7308 
23 78.5 -85.4 
24 101.435 157.581 
25 -92 -174.5 
26 -84 -174.5 
27 -74.75 -174 
28 1.02941 82.4118 
29 184.057 -38.2571 
30 246.5 42.5 
31 -226.219 -36.125 
32 -214.9 -33.2 
33 -212.167 -38.8333 
34 47.5 138.091 
35 44.3462 129.923 
36 158.133 -63.5333 
37 -189.5 -55 
38 246.5 11.2143 
39 -182.5 -55 
40 -12.3182 67.5455 
41 -169.6 -122.1 
42 -168.824 -135.265 
43 151 -70 
44 69.375 -88.875 
45 56.5 -89 
46 79.5 161 
47 65.8478 152.652 
48 98.3889 148.778 
49 81.5 153 
50 92.4091 154.455 
51 93.0789 111.316 
52 94.8846 121.154 
53 100.773 143.182 
54 96.7917 132.458 
55 93.8636 142.273 
56 -131 -175.5 
57 -103.286 -176.071 
58 41.1923 105.923 
59 89.5 127 
60 -191.773 -150.818 
61 56.75 139.375 
62 69.5 140 
63 82.5 140 
64 75.5 131 
65 84.5 131 
66 56.5 131 
67 66.5 131 
68 -118.143 48.2143 
69 -132.053 45.7632 
70 78.3333 125.667 
71 63.3 125.2 
72 -105.875 53.375 
73 154.143 -58.1429 
74 155 -51 
75 174 -40 
76 157.983 -42.9504 
77 165.818 -35.1818 
78 -141 -172.5 
79 -129 -172.5 
80 -101 -172.5 
81 -115 -172.5 
82 -60.3103 -156.155 
83 -23.6 -117.8 
84 -11.4231 -115.769 
85 245 35 
86 -177.6 -149.5 
87 16.6111 -106.222 
88 24.7727 -105 
89 -135.045 -140.091 
90 -143.375 -135 
91 -177.1 -139.2 
92 -153.38 -128.28 
93 -143.214 -144 
94 -166.9 -131.2 
95 -184.9 -129.2 
96 -177.643 -121.857 
97 -172.3 -146 
98 -160.5 -127.2 
99 -171.214 -122.286 
100 -174.375 -130.75 
101 -160.667 -146 
102 -181.7 -134.8 
103 -115 -168.5 
104 -128 -168.5 
105 -142.737 -168.342 
106 86.1 117.8 
107 70.3 114.2 
108 79.096 112.98 
109 87.5 98 
110 144.545 -70.4545 
111 140.955 -83.3636 
112 149.092 -70.1972 
113 134.026 -81.0526 
114 144.667 -63.3333 
115 244.5 -22.5 
116 32 118 
117 42.3108 120.135 
118 58.2213 120.377 
119 47.4259 110.852 
120 62.7941 111.118 
121 32.5 111 
122 240.948 21.2931 
123 237.269 39.8846 
124 140.1 -55.6 
125 55.2778 101.622 
126 65.7857 103.143 
127 67.0601 84.2165 
128 52.1667 69.7778 
129 -141 -165.5 
130 28.5 111 
131 72.5 65.5 
132 57.5 64 
133 -233.5 -24 
134 -233.5 -13 
135 -160.381 -156.167 
136 -162.25 -145.5 
137 -164 -137.3 
138 27.3 99.4286 
139 10.8333 90.6667 
140 33.6818 91.5455 
141 19.5 91 
142 233.167 -22.2949 
143 242.5 -13.5 
144 229.9 -23.3 
145 230.5 -13.5 
146 -228.5 -13 
147 -228.5 -23 
148 42.5909 102.636 
149 247.5 5.83333 
150 155.682 -39.6364 
151 142.865 -42.9549 
152 41.9286 92.9286 
153 190.375 -29.75 
154 183 -29 
155 45.1364 66.0909 
156 44.5 80.125 
157 33.6261 76.5315 
158 21.25 82.75 
159 11.3235 83.1176 
160 199 24 
161 199 12 
162 211.633 -6.26667 
163 206.482 -17.7904 
164 244.3 -2.1 
165 245.5 -8.5 
166 243.5 7.5 
167 203.571 24.5714 
168 222.5 -25.5 
169 216.078 7.07449 
170 232.308 5.20513 
171 213.682 -8.90909 
172 -4.36207 71.8276 
173 5.5 72 
174 17.5 72 
175 -78.3529 -162.324 
176 -205.5 -38 
177 204.708 56.4154 
178 216.952 51.6667 
179 131.587 -70.2174 
180 232.118 36.0588 
181 220 43 
182 -94 -163.5 
183 164 69 
184 -220.5 -26 
185 223 34 
186 211 42 
187 214.333 33.6667 
188 206 44 
189 206 35 
190 231.5 30.5 
191 231.5 41.5 
192 72.8846 59.1538 
193 -92.4667 47.9667 
194 223.5 29.5 
195 223.5 40.5 
196 201.768 34.9702 
197 197.143 -18.1429 
198 200.033 -22.9333 
199 189.49 -14.2549 
200 185.289 -24.8421 
201 201.289 -14.8421 
202 190.727 -22.8182 
203 -169.407 -108.315 
204 63.5 60 
205 158.136 -27.4118 
206 187.385 65.7692 
207 176.2 66.2 
208 51.9615 59.9231 
209 40.9545 61 
210 -113.8 -164.3 
211 -103.667 -166.389 
212 -221.726 80.129 
213 -201.5 79 
214 -211.885 78.6923 
215 -189.324 -46.7059 
216 -195.135 -35.2698 
217 -230.786 13.2857 
218 -184.808 78.9231 
219 -191.875 79.375 
220 -176.5 79 
221 -232.5 24 
222 -232.9 36.2 
223 42.5 -91 
224 7.5 65 
225 115.395 -72.1579 
226 88.8696 -55.7826 
227 -56.9412 -134.206 
228 100.833 -74.6667 
229 -152.667 -37.8333 
230 -173.692 -37.8526 
231 -211.773 -25.8182 
232 -202.875 -26.125 
233 -172.452 -52.9524 
234 -170.786 -44.1429 
235 -181.543 -44.9565 
236 -184.3 -48 
237 30.5 62 
238 98.7 -72.4 
239 89.1 -76 
240 -240.455 8.45455 
241 -232.3 -1 
242 -217.7 67.2364 
243 -208.357 63.7143 
244 110.646 -39.6798 
245 118.9 -48.7 
246 121.846 -34.0769 
247 92.4 -32.6 
248 -196.155 67.4828 
249 -176.323 68.2025 
250 -168.3 79.6 
251 78.4615 -57.9231 
252 -225.5 28.4 
253 -229.425 18.15 
254 -225.5 34 
255 -163.5 74 
256 82.5 -76 
257 65.1667 -77.3333 
258 73.3182 -77.5455 
259 -164.909 -128.045 
260 -159.077 -72.7308 
261 -160.667 -83.8333 
262 54.75 -75.6667 
263 -185.615 -27.9808 
264 -230 7.5 
265 -183 6 
266 -193.333 4.66667 
267 -176.3 -31.6 
268 -203.125 6.625 
269 -213.091 7.18182 
270 -220.308 6.84615 
271 -198.643 5.71429 
272 -230.447 3.28947 
273 -198.378 -6.35115 
274 -228.222 -0.0277778 
275 -190.283 -17.3696 
276 72.5 -54 
277 81.2727 -52.8182 
278 -102.8 46.9 
279 190.5 10.5 
280 197.071 -4.92857 
281 -233.591 51.4545 
282 19.7 -100.2 
283 27.1444 -86.1259 
284 44.7727 -80.4545 
285 -115 40.5 
286 -140.867 40.2333 
287 -129.095 40.6905 
288 -204.643 26.8571 
289 -217.192 35.0385 
290 -220.816 54.1053 
291 -227.643 48.6667 
292 -216.778 34.4209 
293 -202.167 49.1667 
294 -209.045 57.2727 
295 -200.9 57.8 
296 -202.5 36.4118 
297 -222.318 16.7273 
298 -238.106 14.3485 
299 -227.5 12.5833 
300 -217.731 14.7692 
301 12.2368 -98.1579 
302 -212.5 15 
303 -227.5 14.5 
304 -203.5 15 
305 -218.5 14.5 
306 157 67 
307 191 59 
308 191 50 
309 164.212 10.553 
310 28.5 59 
311 -3.34146 62.6098 
312 -190.316 36.973 
313 -173.395 52.7105 
314 -159.5 78 
315 -160.167 67.3333 
316 -162.397 54.8205 
317 -177.5 50.5 
318 43.1774 -69.7097 
319 141 58 
320 -208.5 14.5 
321 -193.5 15 
322 -152.389 62.2222 
323 -152.618 76.1765 
324 34.5 -65.5 
325 24.3936 -67.8511 
326 33.8333 -73.3333 
327 -155.731 -57.0769 
328 -155.5 -31 
329 -151.591 -48.5455 
330 -159.794 -50.1176 
331 -171.5 -34.6538 
332 -159.115 -45.2308 
333 -160.3 -54.8 
334 -72 -151.5 
335 -38.5 66.8235 
336 -166.643 -20.2857 
337 -165.5 -2 
338 -164.5 -25 
339 -179.9 -16.3 
340 -165.667 -10.8333 
341 -179.603 -5.47436 
342 -180.833 -22.6667 
343 -164.9 -10.2 
344 -185.238 14.4643 
345 -97 41.5 
346 -147 -161.5 
347 135 62 
348 135.857 49.4286 
349 -202.5 15.5 
350 85 -45 
351 106.393 -47.625 
352 13.5 -70 
353 11.3947 -82.3684 
354 9.5 -101 
355 -193.192 14.8846 
356 -174.382 14.7059 
357 129 61 
358 -134.319 73.7029 
359 139.6 23.2 
360 124.2 41.8 
361 133.488 34.3488 
362 125.048 47.4762 
363 119.559 56.7288 
364 3.03846 63 
365 2.3 55.6 
366 -14.9783 56.3043 
367 -87.0638 -146.011 
368 -94.8421 -152.342 
369 -96 -142.591 
370 -76.7333 -145.233 
371 -65.5556 -142.759 
372 36.5 56 
373 22.6667 56.3333 
374 13.6667 57.3333 
375 116.5 -39.1667 
376 99.3621 -56.1379 
377 102.049 -40.6863 
378 124.676 -40.9412 
379 104 -55.8333 
380 133.192 -39.7692 
381 62.2692 -50.3077 
382 77.8469 -49.1429 
383 63.9444 55.7778 
384 49.5 56 
385 -155.5 -26 
386 -161 -131.5 
387 -162.818 -104.955 
388 -163 -114.5 
389 -162.333 -121.833 
390 -163.182 -94.0455 
391 -182.5 15.5 
392 -167.786 17.4286 
393 -166.5 5 
394 -167.1 11.6 
395 -180.804 10.5217 
396 -181.423 2.92308 
397 -144.5 75 
398 -62 -133.5 
399 -154.1 52.2 
400 -145.833 51.8667 
401 -162.467 -2.16667 
402 -163.025 46.3814 
403 -142.5 44 
404 -126.5 -164 
405 -140.3 65.6 
406 114.4 50.0667 
407 -157.5 -20 
408 -168.167 6.83333 
409 -172.095 -12.2381 
410 -158.5 9 
411 -172.167 -2.66667 
412 -158.5 5 
413 -162.452 -3.28571 
414 -173.5 5.88095 
415 -157.167 -9.33333 
416 -170.5 31 
417 -185.5 31.5 
418 -164.5 27 
419 -177.5 26.7857 
420 -165.132 16.7368 
421 -177.3 18.7 
422 -164.7 22.6 
423 -164.5 34 
424 -164.5 39 
425 -177.5 35.6538 
426 -182.7 27.3 
427 -182.5 37.5 
428 130.904 26.9362 
429 129.5 33.5 
430 125.8 -25.4 
431 133.044 -0.689956 
432 125.091 0.454545 
433 119.5 -21.5 
434 124.759 -10.6414 
435 124.8 -10.2 
436 -118.017 -140.655 
437 112.982 -27.5949 
438 -108 -160.5 
439 -132 -160.5 
440 -122 -160.5 
441 -110.615 -155.346 
442 -102.727 -155.682 
443 -119.714 -155.643 
444 -128.615 -155.346 
445 -171 33.3056 
446 30.7432 -53.6486 
447 106.667 55.2222 
448 108.222 45.3333 
449 -191.214 -111.571 
450 -191.333 -133.333 
451 -186.667 -142.458 
452 -176.5 -113 
453 -190.132 -122.789 
454 -183.885 -117 
455 -183.5 -111 
456 128.5 -18 
457 128.5 -5 
458 128.5 3 
459 115.507 -14.1418 
460 119.368 -1.42105 
461 36.5 -53 
462 50.5 -53 
463 -140.364 -153.682 
464 -149.422 -152.211 
465 -148.924 -134.408 
466 -135.6 -154.9 
467 -131.76 -148.14 
468 -135.273 -141.318 
469 -166.738 12.0714 
470 118.729 26.35 
471 133.167 41.1667 
472 19 -57 
473 64.1563 75.1875 
474 51.1471 78.4706 
475 85.3333 50.5 
476 90.89 -35.808 
477 84.8571 44.7143 
478 94.6923 41.7308 
479 41.5 81 
480 123.5 50.6 
481 125.714 42.6429 
482 108.789 17.3421 
483 111.651 6.74826 
484 -166 24.75 
485 77.25 -41.6667 
486 57.8 0 
487 78.8966 19.4138 
488 79.4667 9.93333 
489 72.9615 -32.3462 
490 60 -32 
491 83.2941 3.82353 
492 75 5 
493 68.25 -30.75 
494 55.6053 -30.5526 
495 94 -10.5789 
496 84.2667 -7.66667 
497 77.6727 -4.6386 
498 107.818 -1.36364 
499 108.571 -12 
500 15.5 -54 
501 40.1 -38.4 
502 42.2692 -29.4615 
503 -139.063 56.4531 
504 70.6667 28 
505 89.0385 68.4615 
506 79.3182 71.2727 
507 74 46 
508 91.6857 34.2247 
509 86.8889 63.2778 
510 -164.326 30.2609 
511 101.909 16.1364 
512 58.7308 51.6923 
513 47.375 34.875 
514 53.1667 40.3333 
515 67.7609 52.1739 
516 64.7273 36.8182 
517 57.2591 29.9455 
518 61.1429 43.7143 
519 70.5 57 
520 66.1667 66.2381 
521 55.8333 70.3333 
522 55.5 59 
523 45.0102 -48.898 
524 29.1 -49 
525 74.7222 -35.1111 
526 -127.5 61 
527 -119.569 -142.514 
528 -108.2 -147.9 
529 -102.2 -148.9 
530 64.5 -41 
531 45.5 -35.3 
532 56.7414 -39.4483 
533 19.1923 -57.5385 
534 10.7727 -55.8182 
535 30.6642 -38.3433 
536 36.5 -39 
537 -148.5 -21 
538 -158 5 
539 -163.5 -17.5 
540 -149.5 39 
541 -164.466 37.5 
542 -164.9 27.3 
543 -149.5 32 
544 -165.389 17.7222 
545 -148 -6.16667 
546 -148.5 -1 
547 -148.5 4 
548 -163.889 -12.7222 
549 -156.546 9.19079 
550 -163.5 -2.5 
551 -165 -6.5 
552 -163.409 -11.0455 
553 -158.923 -0.0769231 
554 -147.357 19.8571 
555 -151.333 22.3333 
556 -164.833 30 
557 -149.426 -12.4444 
558 -163.269 0.769231 
559 -146.318 -43.2727 
560 -146.5 -53 
561 -146.682 -26.7273 
562 -145.7 -34.2 
563 94.2857 13.5714 
564 106.667 13.8333 
565 102.553 12.8684 
566 83.2143 0.357143 
567 91.3 1.1 
568 97.9359 41.2949 
569 1.39091 -105.873 
570 1.5 -87 
571 -140.682 25.2727 
572 -157.727 -12.5909 
573 -152.4 2.1 
574 -155.091 30.1136 
575 -141.167 35 
576 48.4636 -31.7182 
577 89.8 6.4 
578 106.75 40.475 
579 115.346 42.6154 
580 108.643 28.2857 
581 92.14 11.84 
582 98.9815 36.1111 
583 98.9545 27.0909 
584 86.5 33.2143 
585 97.7857 42.5714 
586 111.192 34.7692 
587 118.5 38 
588 117.038 28.6154 
589 -123.5 -133 
590 -167.9 -139.8 
591 -155.167 -139.583 
592 118.423 16 
593 107.573 -7.21552 
594 90 -8.5 
595 92.9545 20.1818 
596 94.4697 10.0606 
597 86.2273 18.9091 
598 99.5 19.2 
599 86.9762 39.2143 
600 32.5 -39 
601 44.7667 69.8667 
602 23 -48.5 
603 -154 -120.5 
604 -141.5 -54 
605 -141.5 -44 
606 -141.5 -31 
607 -141.5 -16 
608 -156.5 -13.5 
609 -151.696 3.61607 
610 -141.5 15 
611 100.042 -21.2083 
612 109.218 -5.02564 
613 -56 -123.1 
614 -56 -116.227 
615 -105.333 -141.5 
616 -90 -134.591 
617 -116.167 -116.667 
618 -104.462 -114.423 
619 -120 -127.5 
620 -92.3077 -130.577 
621 -97.5714 -127.071 
622 -102.133 -119.233 
623 -106.516 -131.661 
624 -110.118 -121.382 
625 -91.6364 -119.076 
626 -116.909 -140.773 
627 -81 -136.9 
628 -81.7143 -132.214 
629 -70.7143 -133.214 
630 -74.6234 -121.916 
631 -63.6 -114.7 
632 -61.4286 -122.214 
633 -84.2857 -117.357 
634 -117.6 -131.767 
635 -52.3824 53.0588 
636 -144 -120.5 
637 -134.842 -123.289 
638 -135.143 -133.214 
639 -27 -108.7 
640 -38.9 -108.382 
641 -14.5 -108 
642 -126.182 -141.136 
643 -164.5 -119.556 
644 -154.654 -118.692 
645 -143.603 -122.172 
646 -128.708 -126.189 
647 -127.6 -131.7 
648 87.6148 -16.3804 
649 -155 -81.5 
650 -155.9 -93.8 
651 -155.882 -112.794 
652 -156.2 -103.9 
653 -137.109 -125.609 
654 79.2143 11.5 
655 93.5 28.5 
656 -36.2647 -119.235 
657 -125.115 -123.615 
658 76 -7.5 
659 77.2143 8.66667 
660 90.5 36 
661 77.5 29.5 
662 77.2692 36.5769 
663 77 43 
664 68.5 -1.5 
665 -48.8478 -123 
666 -59.5811 -124.189 
667 -73.3197 -125.656 
668 -83.5 -123 
669 -50.5 -112.586 
670 -125 -122.5 
671 41.2647 -11.7941 
672 57.8636 13.2727 
673 61.0526 5.63158 
674 53.9299 -17.6603 
675 65.625 13.4375 
676 55.8182 15.5455 
677 49.2 17.6 
678 71.3 44.4333 
679 68.7333 12.9 
680 17.2273 -47.1818 
681 12.5 -58 
682 76.8077 22.7692 
683 45.0455 16.4091 
684 66.2692 44.3077 
685 58.3 44.8 
686 71.2778 16.7778 
687 51.2 46.8 
688 61.9091 -13.3182 
689 53.1371 15.2648 
690 63.6333 24.8 
691 81.2333 33.8667 
692 29.4286 -31.0714 
693 -89.5 -123 
694 31.5 52 
695 42.5 52 
696 54.5 52 
697 67.5 52 
698 -117.5 -128 
699 -109.929 -127.714 
700 -99.5 -126 
701 -107.5 -123 
702 34.1667 50.3333 
703 52.6667 -3.66667 
704 38.7727 -7.13636 
705 38.2692 -19.3462 
706 23.1135 -22.7973 
707 58.7857 16.4286 
708 33.3023 -20.0698 
709 -187.577 -74.5385 
710 -191.227 -65.5455 
711 -181.955 -63.9091 
712 -112.955 -116.182 
713 -124.056 -113.667 
714 -76.2143 -114 
715 -87.5 -114 
716 -98.8 -115.8 
717 -59.3 -113.8 
718 -66.8077 -114.231 
719 -77.375 -107.375 
720 -71.3548 -84.7903 
721 -92.5 -109 
722 -184.31 -71.0635 
723 -187.5 -60 
724 -142.854 -78.6667 
725 -152.167 -73.1667 
726 -138.5 -42 
727 40.7917 33.7917 
728 51.7 55.2 
729 66.5 48 
730 53.6538 47.7692 
731 -120.5 -106 
732 -106.5 -106 
733 -95.5 -106 
734 -60.0556 -105.778 
735 -74.5 -106 
736 -84.5 -106 
737 39.6651 -10.3211 
738 11.5 -45 
739 -8.5 -26.8421 
740 5.87584 -25.4228 
741 -2.64286 -44.8571 
742 -6.68182 -15.0909 
743 -53.3 56.4 
744 35.5 -16.5 
745 -22.0556 52.7778 
746 -120 -78.5 
747 -152.318 -70.4545 
748 -163.5 -71 
749 -168.75 -77.375 
750 -171.5 -69.3636 
751 -164.833 -62.1667 
752 -156.988 -65.3902 
753 -155.794 -77.1176 
754 -172 -61.5 
755 17.5833 50.4167 
756 -147.518 9.42683 
757 -52.5604 -103.269 
758 -11.5 -100 
759 -190.773 -53.5455 
760 33.5 -17.5 
761 -122.5 -101 
762 -76.875 -101.125 
763 -85.7727 -100.818 
764 -109.5 -101 
765 -93.2273 -101.182 
766 -100.1 -100.8 
767 -150.667 -60.8333 
768 -149.333 -47.4167 
769 -131.885 -55.2308 
770 -190.539 -39.8026 
771 31.5 -18.5 
772 39 18 
773 39 31 
774 35 44.75 
775 48.5 50 
776 50.7857 42.5714 
777 48.5 60 
778 31.3077 32.3846 
779 35.5 71 
780 35.1 78.6 
781 38.869 58 
782 7 -29 
783 -5.6129 -26.9677 
784 -30.7526 -34.0412 
785 -150.5 44.5 
786 -135.5 44 
787 -135.5 33 
788 -150.591 22.9545 
789 -135.5 9 
790 -148.685 6.61111 
791 -135.5 22 
792 -150.5 33.5 
793 -152.053 -10.9737 
794 15.8333 3.35417 
795 36.5184 4.03421 
796 51.3333 20.8333 
797 26.8846 -1.80769 
798 27.9615 -9.80769 
799 27.7857 -19.3571 
800 -69.678 -82.4831 
801 -61 -106.5 
802 -74.1977 -94.8837 
803 -83 -102.5 
804 7.68182 79.4545 
805 -0.5 79 
806 15.7857 80.1429 
807 26.3235 79.8824 
808 38.5 42 
809 -173.955 -49.9091 
810 -134.164 -55.2098 
811 18.3571 14.6429 
812 27.999 8.49606 
813 39.9444 18.1111 
814 41.5 48 
815 -117.905 25.3571 
816 -96.5 59 
817 -94.5 72 
818 -103.5 58.5714 
819 -112.807 63.1825 
820 -119.409 71.6364 
821 -94.5 57.6 
822 -121.778 25.3889 
823 -116.833 45.3333 
824 -133.643 30.1429 
825 -126.086 39.858 
826 -118.633 32.1333 
827 -138 31.1 
828 -118.8 79 
829 -51.6721 -5.96938 
830 -91.0455 9.04545 
831 -105.636 7.04545 
832 -116.667 6.16667 
833 -96.0763 -100.584 
834 -113.875 -111.375 
835 -111.727 -93.6818 
836 -112 -103.5 
837 -140.533 -109.367 
838 -148.7 -113 
839 -120 -97.9286 
840 -140.571 -116.214 
841 -128 -105.5 
842 -120.182 -106.227 
843 -128 -97.5 
844 -128 -91.5 
845 -136.5 -98.625 
846 -140.914 -100.814 
847 -136.304 -90.8393 
848 -189.808 -84.6154 
849 -150.462 -103.654 
850 -132.5 -104 
851 -132.682 -111.909 
852 -166.5 -114 
853 -141.682 -83.9091 
854 -139.833 -98.2381 
855 -157.597 -110.032 
856 -169 -109 
857 -161.505 -92.9279 
858 -143.24 -109.18 
859 -149.111 -94.2778 
860 -132.727 -113.864 
861 -124.846 -115.808 
862 -118.2 -91.1 
863 -183.115 -87.1538 
864 -180.125 -104.625 
865 -189.5 -105.8 
866 -192 -101.5 
867 -184.94 -94 
868 88 12.8667 
869 66.2105 10.8947 
870 107.209 34.7209 
871 98.0714 52.0714 
872 116.5 39.1667 
873 117.917 30.75 
874 131.586 19.5685 
875 132.235 23.7059 
876 -106.839 -7.17742 
877 -95.1667 -7.66667 
878 -77.6364 -2.22727 
879 -87.5429 4.78571 
880 175.565 -10.913 
881 183.077 -12.0769 
882 177.273 13 
883 182.593 1.04396 
884 190 8 
