834
0 1 7 0 -162 76 1 -136 317 1 1
1 0 2 0 303 40 3 -39 347 0 2
2 3 -6 1876.72 -140 53 2 193 324 2 2
3 4 -5 -448.642 -190 172 2 152 105 2 1
4 5 -4 -255.643 188 -178 1 35 201 3 2
5 -1 6 0 -22 -160 2 -156 112 1 1
6 -2 -3 -827.635 231 -243 1 84 294 2 1
7 8 12 0 268 194 1 -492 -198 1 1
8 9 10 -384.198 -17 -295 0 -167 -130 1 1
9 -7 -8 -358.676 -214 278 3 -23 -20 2 1
10 -9 11 186.953 -52 29 1 130 -137 2 1
11 -10 -11 2209.62 -369 -114 2 426 211 3 2
12 -12 13 0 -417 -24 3 271 -292 0 1
13 14 16 0 192 174 0 -483 197 2 2
14 -13 15 -184.143 236 268 2 -390 -118 1 1
15 -14 -15 -2171.88 -9 321 0 -208 -92 2 2
16 17 18 0 -196 283 2 -109 343 0 1
17 -16 -17 0 303 -190 2 283 100 1 2
18 19 20 0 329 -334 3 -117 326 1 1
19 -18 -19 -2986.94 -292 148 2 58 28 1 2
20 21 24 0 -277 -66 1 229 330 1 1
21 -20 22 -1891.72 80 347 1 228 -43 3 2
22 -21 23 3489.32 178 180 0 318 -2 2 2
23 -22 -23 -1089.42 203 -255 2 12 291 1 2
24 25 26 0 321 203 2 -57 326 2 1
25 -24 -25 1029.12 293 145 1 66 -364 1 2
26 27 28 0 -285 280 2 -456 -236 1 1
27 -26 -27 2243.9 -447 3 1 -286 -292 1 2
28 -28 29 0 339 282 1 -475 -232 0 2
29 -29 30 0 -20 201 2 262 -296 2 2
30 -30 31 0 292 -324 2 66 326 3 2
31 32 33 0 103 -251 1 104 -328 1 1
32 -31 -32 0 -316 -361 2 -107 -322 1 2
33 -33 34 -2737.43 74 -16 2 -360 -215 1 2
34 -34 35 0 -45 257 2 225 -310 0 2
35 36 38 0 -459 56 1 410 246 2 2
36 37 -37 -1510.29 -224 -96 0 251 197 2 2
37 -35 -36 -3466.33 -85 338 3 0 -55 2 2
38 -38 39 0 -18 316 1 80 318 0 2
39 40 42 0 -14 229 3 260 -286 0 2
40 41 -41 3630.76 118 -113 3 337 160 1 2
41 -39 -40 200.246 -132 -162 1 310 -297 2 1
42 -42 43 0 -395 82 0 488 199 1 1
43 44 48 0 -190 247 0 -146 296 0 2
44 45 -47 -756.294 355 -67 2 154 275 0 2
45 -43 46 178.877 185 281 2 -186 -270 2 2
46 47 -46 398.404 -27 268 0 384 193 3 1
47 -44 -45 -2546.42 -13 228 1 119 108 0 2
48 49 50 0 57 -330 2 293 286 2 2
49 -48 -49 416.168 -87 218 0 -224 303 3 1
50 -50 51 0 272 237 0 119 317 3 1
51 52 55 0 -308 197 1 195 305 3 1
52 53 -54 0 -157 -48 0 265 161 0 1
53 -51 54 0 260 -129 3 -133 -25 1 2
54 -52 -53 -413.733 -124 239 1 -36 14 0 1
55 56 58 0 363 -251 3 132 296 0 2
56 -55 57 0 -107 -292 3 280 205 1 2
57 -56 -57 1851.11 -132 10 1 341 109 2 2
58 59 62 0 -275 279 3 -353 248 2 1
59 60 -61 0 215 183 1 -361 219 1 2
60 61 -60 1293.69 -378 -31 1 -294 279 3 2
61 -58 -59 1509.59 -367 32 1 252 -17 3 2
62 63 64 0 427 169 3 401 -244 1 1
63 -62 -63 876.838 173 -95 2 -207 -66 0 1
64 65 66 0 376 -91 1 414 118 1 1
65 -64 -65 -429.326 151 -261 1 -77 -100 2 2
66 67 69 0 299 87 1 263 284 0 2
67 -66 68 496.462 144 60 2 52 370 0 1
68 -67 -68 -51.6875 293 320 1 280 247 0 2
69 70 73 0 -50 192 0 -406 -309 1 1
70 71 -72 0 57 361 1 -264 -323 0 1
71 72 -71 -1019.34 353 -306 1 -398 -235 2 1
72 -69 -70 -205.623 -158 133 1 -372 19 3 1
73 -73 74 0 328 -133 2 -486 -224 1 1
74 75 79 0 -415 181 3 374 -242 1 2
75 76 -78 -288.22 306 -42 3 342 -147 1 2
76 -74 77 -2273.28 460 -323 1 178 13 2 2
77 -75 78 0 -435 111 1 -112 -265 2 2
78 -76 -77 -2282.67 187 94 2 254 65 1 2
79 -79 80 0 -199 -337 1 -397 -325 1 1
80 81 98 0 -118 290 2 161 -329 2 2
81 -80 82 4080 -245 -257 3 263 62 1 2
82 83 -97 3559.47 -36 -77 0 208 -296 1 2
83 84 -96 -1020 -305 -371 3 52 -302 1 1
84 -81 85 -2620.35 293 58 1 -48 3 3 2
85 86 -95 352.877 -54 -367 1 -358 279 2 2
86 -82 87 1020 115 -251 1 -37 162 2 1
87 -83 88 808.918 30 -39 1 -485 38 0 2
88 -84 89 0 -305 -283 1 107 -340 2 2
89 90 -94 4075.99 185 -166 0 85 361 2 2
90 91 97 3739.79 3 -97 1 304 -276 2 2
91 92 -91 199.287 -226 -357 1 483 116 1 1
92 93 -90 1016.83 -164 -201 2 191 -18 3 1
93 -85 94 0 287 11 2 -336 -9 1 2
94 95 -89 3283.1 -233 -97 0 325 366 0 2
95 -86 96 -1482.68 -141 199 2 -244 -130 0 2
96 -87 -88 -3951.74 -59 217 1 -257 -192 2 2
97 -92 -93 121.235 -159 18 2 155 135 2 1
98 -98 99 0 498 137 2 419 -228 1 1
99 -99 100 0 331 -92 1 266 268 1 2
100 -100 101 0 -73 236 0 42 291 1 1
101 102 104 0 495 277 3 344 245 1 1
102 -101 103 -136.465 449 298 3 120 179 0 1
103 -102 -103 -356.708 234 325 1 63 181 1 1
104 105 106 0 146 269 3 -430 -235 3 1
105 -104 -105 496.146 21 -128 0 -440 245 2 1
106 107 110 -749.936 130 63 1 115 208 0 1
107 108 -109 1027.53 9 178 0 -268 63 3 2
108 109 -108 -751.5 -320 288 2 253 55 1 1
109 -106 -107 3494.94 182 -35 1 -204 238 0 2
110 -110 111 0 171 263 1 -196 261 3 2
111 -111 112 0 -67 293 3 -486 193 2 2
112 113 114 -864 -77 -219 1 -446 -40 0 1
113 -112 -113 419.952 -475 41 1 -36 -296 1 1
114 -114 115 0 -31 193 1 -380 -366 1 1
115 116 119 0 93 -175 1 -169 268 2 2
116 -115 117 -1800.14 -60 -234 1 -177 -21 3 2
117 -116 118 0 242 356 1 -195 170 3 1
118 -117 -118 3783.06 67 117 1 53 327 2 2
119 120 129 0 -173 -204 2 -60 263 2 2
120 -119 121 0 -390 99 0 -180 -44 2 1
121 -120 122 0 346 -317 3 -168 -114 0 1
122 -121 123 -489.861 379 -47 1 110 257 2 1
123 -122 124 0 -107 -229 1 266 8 0 2
124 125 -128 503.332 69 -105 1 -19 231 2 1
125 126 127 -2294.72 -26 -123 1 -94 236 2 2
126 -123 -124 -212.867 -97 235 0 78 228 2 1
127 -125 128 -470 369 -157 1 -125 -130 3 1
128 -126 -127 2175.58 250 -58 3 312 -22 1 2
129 130 131 0 324 62 0 271 244 2 2
130 -129 -130 463.346 -41 192 2 -94 158 2 2
131 132 135 0 -4 -344 2 -174 258 2 2
132 133 -134 16.1401 -206 161 1 109 -201 3 1
133 -131 134 51.9801 -182 224 1 -107 -358 1 1
134 -132 -133 489.1 208 152 1 -255 142 2 1
135 -135 136 0 -249 55 0 -495 171 1 1
136 137 138 0 -355 -196 2 -462 226 3 1
137 -136 -137 0 404 97 2 31 139 0 1
138 -138 139 0 478 33 2 469 219 2 1
139 -139 140 0 -428 -6 3 -366 247 3 1
140 141 147 0 62 -280 0 446 -176 2 1
141 142 -146 -444.167 33 225 2 268 -106 2 2
142 -140 143 0 29 242 3 472 178 1 1
143 144 145 0 -177 173 3 482 -199 1 1
144 -141 -142 -2224.82 -12 -177 2 251 -177 2 2
145 146 -145 -816.076 -7 -91 2 473 -32 1 2
146 -143 -144 0 -418 115 2 233 -184 0 2
147 148 149 0 293 23 1 312 -252 2 2
148 -147 -148 -2054.01 319 86 1 125 71 3 2
149 150 151 0 -165 -231 1 235 -301 3 2
150 -149 -150 0 -310 293 2 253 -66 1 1
151 -151 152 0 483 -113 2 -477 -218 0 1
152 -152 153 0 82 295 3 -467 -220 1 2
153 -153 154 0 256 -31 1 406 218 2 2
154 155 156 0 -321 -252 3 435 240 2 2
155 -154 -155 -3468.98 -444 73 3 18 -70 2 2
156 157 158 0 321 -45 0 472 -12 2 1
157 -156 -157 690.98 -4 -42 1 -336 55 2 1
158 159 165 0 -444 -21 1 475 -155 2 2
159 -158 160 -3704.96 -246 188 2 420 -167 1 2
160 -159 161 -596.916 -259 -103 1 144 198 1 1
161 162 -164 -1685.26 476 -271 0 438 -42 2 2
162 -160 163 -2764.58 115 89 0 244 -12 1 2
163 -161 164 -766.321 -452 23 0 54 -169 0 1
164 -162 -163 -3049.2 93 358 1 475 32 1 2
165 166 186 0 -395 26 3 450 -15 2 2
166 -165 167 0 -62 -294 3 381 234 2 1
167 -166 168 510.847 166 -109 1 -327 350 2 1
168 -167 169 13.7877 123 85 0 -124 202 2 2
169 170 -185 3217.58 350 73 3 181 289 1 2
170 171 185 809.37 -41 -162 2 427 64 2 2
171 -168 172 -478.633 444 34 1 -45 49 2 2
172 -169 173 2103.5 304 -99 2 -95 -88 1 2
173 -170 174 0 -386 296 2 498 168 2 2
174 -171 175 0 -384 299 1 475 184 2 2
175 -172 176 0 -317 193 1 460 226 2 1
176 -173 177 -1804.59 -240 -179 2 79 52 2 2
177 -174 178 0 -105 -205 0 33 -171 1 1
178 -175 179 -3263.28 -381 -105 1 434 194 2 2
179 -176 180 1860.68 407 -4 1 348 306 2 2
180 -177 181 0 136 -247 3 487 -129 0 1
181 -178 182 0 -430 -276 1 476 -25 3 2
182 -179 183 -3496.64 -116 -255 2 334 39 2 2
183 184 -182 2023.9 305 109 3 380 -140 1 2
184 -180 -181 607.976 391 -112 3 -321 -26 1 1
185 -183 -184 949.392 210 39 1 -11 312 2 2
186 187 193 0 250 318 2 220 246 1 1
187 188 192 997.164 133 50 0 119 134 2 2
188 189 -190 1869.42 -142 0 2 379 249 2 2
189 -186 190 -281.045 -289 190 2 81 142 1 1
190 191 -189 132.672 239 168 2 -333 64 0 1
191 -187 -188 -1752.98 306 106 2 -107 -86 2 2
192 -191 -192 2031.65 249 -17 2 -206 -370 1 2
193 194 198 0 -288 -215 2 -336 239 1 2
194 195 196 0 -120 -200 1 -375 227 0 2
195 -193 -194 262.294 -167 -30 1 -384 80 2 1
196 -195 197 67.0357 138 0 0 86 142 1 1
197 -196 -197 0 -265 -234 2 162 106 2 2
198 199 200 0 24 273 3 340 -265 0 1
199 -198 -199 343.252 147 78 1 -208 380 0 1
200 201 205 0 332 -13 2 417 162 2 2
201 -200 202 -3763.44 -496 -166 0 322 -162 3 2
202 -201 203 -18.5033 52 -89 2 60 -104 1 1
203 204 -204 3288.52 388 151 2 -149 1 3 2
204 -202 -203 542.124 115 74 2 -145 136 1 2
205 -205 206 0 -94 -210 2 -391 -359 2 2
206 207 208 0 -423 -142 1 -438 233 2 2
207 -206 -207 0 169 -34 1 -447 187 3 1
208 -208 209 0 360 -293 2 289 -283 0 2
209 210 214 0 -86 -203 1 391 238 2 1
210 211 212 0 -212 361 0 -95 122 1 2
211 -209 -210 6.41826 -12 -90 2 50 -80 1 1
212 -211 213 0 -86 231 1 425 231 1 2
213 -212 -213 -265.111 454 -208 3 -87 -39 3 2
214 -214 215 0 446 -87 3 434 -210 2 1
215 216 217 0 16 -306 0 -410 -282 2 1
216 -215 -216 388.986 -9 -300 2 231 -76 3 2
217 -217 218 0 -281 318 3 -225 249 0 2
218 -218 219 0 -415 267 0 415 -211 0 1
219 220 221 0 307 -128 1 391 -221 1 2
220 -219 -220 788.748 403 107 2 -175 -140 2 1
221 222 242 0 -459 305 0 419 186 2 1
222 -221 223 -895.69 489 200 1 9 -92 1 1
223 -222 224 0 209 233 1 437 -160 2 1
224 -223 225 -3683.36 319 -134 0 318 -62 1 2
225 -224 226 593.096 356 93 0 -290 -166 3 2
226 -225 227 -3764.81 -370 -197 1 262 -76 0 2
227 -226 228 -3647.31 -326 34 0 14 -159 2 2
228 -227 229 97.485 -37 -81 2 211 132 1 1
229 230 231 0 61 -334 2 0 -173 3 2
230 -228 -229 -880.039 377 -276 1 6 -127 1 1
231 232 -241 3509.78 430 -69 2 -268 -84 3 2
232 -230 233 -3677.88 467 -299 1 252 -58 2 2
233 234 -240 -1165.82 -257 -136 1 112 36 2 2
234 -231 235 0 314 -280 3 438 -154 1 1
235 236 -239 946.928 251 -92 3 -385 118 2 1
236 237 -238 640.978 445 189 1 -231 299 2 2
237 238 -237 -35.2031 433 187 2 261 1 3 1
238 -232 239 0 -9 -165 0 427 -159 2 1
239 -233 240 981.666 115 31 2 113 121 1 2
240 -234 241 2428.5 -9 -132 1 -491 -248 3 2
241 -235 -236 0 -442 135 2 443 -33 2 2
242 243 247 0 220 -293 2 62 -361 3 2
243 -242 244 -460.935 63 -202 2 144 -287 2 1
244 -243 245 0 204 228 2 -383 -71 3 2
245 246 -246 247.042 -374 -109 0 459 -143 1 1
246 -244 -245 581.441 -94 -236 2 -421 -326 2 1
247 248 250 0 421 -144 1 305 -247 3 1
248 249 -249 868.263 237 -3 2 8 33 1 1
249 -247 -248 2054.27 59 6 1 30 152 3 2
250 251 252 0 339 71 3 -443 -226 1 2
251 -250 -251 -1538.29 -452 -178 2 -44 85 2 2
252 253 255 0 -12 -330 2 361 239 2 2
253 -252 254 -455.987 -294 342 2 -118 178 3 1
254 -253 -254 561.82 70 176 3 135 -308 2 2
255 -255 256 0 -24 199 0 -410 233 2 2
256 -256 257 0 176 225 2 152 253 0 1
257 258 259 0 -219 307 3 276 -265 3 2
258 -257 -258 10.1403 249 -255 2 224 -253 2 2
259 -259 260 0 242 234 0 331 -243 2 2
260 -260 261 0 173 164 1 -314 239 0 1
261 -261 262 0 184 145 0 -167 250 1 2
262 263 265 0 -171 -208 1 -446 213 2 1
263 -262 264 0 438 -214 1 -465 -54 2 1
264 -263 -264 -1794.37 -409 300 0 -456 67 2 2
265 266 267 0 -166 223 0 406 203 1 2
266 -265 -266 3424.23 68 -47 2 292 -229 2 2
267 -267 268 0 -80 192 1 447 -140 1 2
268 269 272 0 325 302 2 433 -184 0 1
269 -268 270 -948 -443 106 0 265 -157 3 1
270 -269 271 -865.518 -136 173 2 158 -84 2 1
271 -270 -271 -194.47 -312 13 1 414 -86 2 1
272 273 278 0 -499 -159 0 439 56 1 2
273 274 -277 1173.08 40 76 3 130 -234 0 2
274 275 -276 629.111 141 40 1 417 116 2 1
275 276 277 -246.552 -278 -108 1 149 166 1 1
276 -272 -273 41.2853 229 177 3 -64 290 1 1
277 -274 -275 -971.145 163 326 3 111 -31 1 1
278 279 280 0 343 -212 1 392 211 3 2
279 -278 -279 -855.593 -468 -53 1 -70 15 3 1
280 281 282 0 -264 163 3 -460 -204 3 2
281 -280 -281 -900.902 274 85 2 -354 -133 1 2
282 283 285 0 304 -264 1 47 248 1 1
283 -282 284 118.689 38 240 2 99 336 1 2
284 -283 -284 0 364 115 2 195 100 3 2
285 286 287 0 405 -270 1 242 -263 0 1
286 -285 -286 0 118 245 1 263 106 1 2
287 288 297 0 99 359 2 395 59 2 1
288 -287 289 0 467 -70 0 159 208 1 2
289 -288 290 0 -115 231 1 319 -220 2 2
290 291 292 165 110 -125 1 297 245 0 1
291 -289 -290 -87.3718 -297 -112 1 -96 -25 1 2
292 -291 293 -671.715 -202 333 1 137 132 1 1
293 294 295 892 -23 -194 2 321 253 3 1
294 -292 -293 -903.4 -12 -270 2 -17 -146 1 1
295 -294 296 3712.66 155 -175 2 -198 -273 1 2
296 -295 -296 0 -130 58 1 -4 157 2 2
297 298 -834 4079.13 168 52 1 -200 302 1 2
298 299 320 0 -435 -49 3 343 -35 1 2
299 300 301 0 359 -48 1 51 222 1 1
300 -297 -298 -3254.05 -307 101 3 289 32 1 2
301 302 304 0 398 193 3 -52 223 2 2
302 303 -301 0 -385 229 3 -134 8 1 1
303 -299 -300 1415.18 14 57 3 -289 10 0 2
304 305 -318 954.11 201 -167 2 424 112 2 1
305 -302 306 0 -316 -115 1 361 -232 3 2
306 307 308 0 -425 -298 0 385 202 0 2
307 -303 -304 -3252.22 258 -354 2 377 0 2 2
308 -305 309 131.771 11 34 3 -171 115 1 2
309 310 315 0 -435 -308 0 372 -215 2 2
310 311 -311 786.911 -91 -36 2 -166 -216 1 1
311 -306 312 1658.75 266 -182 3 -407 246 0 2
312 -307 313 907.439 135 -209 3 267 360 1 2
313 314 -310 3587.76 91 -175 1 -27 314 1 2
314 -308 -309 -316.823 317 -48 2 -121 -220 1 2
315 316 317 0 -338 34 1 376 206 0 2
316 -312 -313 0 243 -174 2 280 215 1 1
317 -314 318 0 -197 -110 1 -56 -226 2 2
318 -315 319 833.821 342 -48 3 36 140 1 1
319 -316 -317 -678.6 -176 4 1 -133 61 3 2
320 -319 321 0 -451 169 3 -441 -222 1 1
321 -320 322 0 357 123 3 -452 -213 2 1
322 323 326 0 -456 -16 2 -490 28 3 2
323 324 325 1157.43 -481 -33 2 68 272 1 2
324 -321 -322 0 -423 184 3 -202 -187 3 1
325 -323 -324 -1675.8 368 -309 3 -9 -132 1 2
326 327 329 0 -261 308 1 -483 175 1 1
327 -325 328 415.353 -401 -128 0 -62 299 1 1
328 -326 -327 -486.297 311 159 0 -342 133 1 1
329 330 827 678.31 -436 -85 2 -499 141 1 1
330 -328 331 0 461 19 1 -453 212 0 2
331 332 340 0 284 -222 1 275 -217 3 1
332 -329 333 -3807.86 -179 -193 2 112 -184 1 2
333 -330 334 880.467 -72 -207 2 453 -324 2 2
334 335 -337 112.895 300 -22 0 176 -193 2 1
335 336 339 0 483 47 3 300 -7 2 1
336 337 -334 884.512 -104 -169 0 -409 310 1 1
337 338 -333 3590.19 -18 -195 0 305 141 3 2
338 -331 -332 746.248 -129 -241 3 -475 260 3 1
339 -335 -336 -2420.19 343 -305 0 151 43 2 2
340 -338 341 0 303 -199 1 301 -226 0 2
341 342 344 0 -440 159 0 238 -268 1 2
342 -339 343 -136.031 108 367 1 173 121 2 1
343 -340 -341 -95.1971 -246 40 2 -132 108 2 1
344 345 346 0 -97 -274 1 -427 -214 1 2
345 -342 -343 -265.833 312 141 2 -400 -159 1 1
346 347 348 0 129 -171 1 171 -323 1 2
347 -344 -345 0 -222 85 1 187 -216 1 2
348 349 356 0 -70 -328 1 308 211 3 1
349 350 -353 3438.91 -159 -143 3 331 301 0 2
350 -346 351 -3736.47 498 -275 1 235 -93 2 2
351 352 -352 1732.25 98 53 1 -171 89 1 2
352 353 354 0 -451 -107 3 184 -129 1 1
353 -347 -348 -3669.8 473 -290 1 47 -138 0 2
354 -349 355 -456.817 166 131 2 134 -72 3 2
355 -350 -351 978.961 178 -64 2 -23 -327 1 2
356 357 359 0 -11 211 1 211 -292 2 2
357 -354 358 0 -310 -191 3 9 -310 2 2
358 -355 -356 -2012.64 -382 138 2 69 -155 2 2
359 360 -825 4080 54 11 2 110 133 2 2
360 -357 361 0 -263 164 0 -424 -219 2 2
361 -358 362 0 238 187 1 235 -251 0 1
362 363 368 0 -115 -279 2 -461 190 2 2
363 364 -364 1091.9 -259 153 0 -457 -275 3 2
364 365 -363 1865.75 -2 113 3 76 165 1 2
365 -359 366 211.494 -209 -118 1 -299 -239 0 1
366 -360 367 848.884 -316 -115 1 412 183 1 2
367 -361 -362 0 -229 -328 1 -87 -138 2 2
368 369 371 0 228 -262 3 -430 193 2 2
369 -365 370 -508.285 172 232 1 -255 -70 1 1
370 -366 -367 -441.835 136 21 2 -271 113 2 2
371 372 374 0 375 -119 2 -488 -31 2 2
372 373 -370 -271.872 -223 182 1 -198 148 2 2
373 -368 -369 -1880.02 292 -132 2 -478 61 1 2
374 -371 375 0 -473 254 2 -447 -207 0 1
375 -372 376 0 -347 147 1 261 -229 1 1
376 377 379 -787.777 180 116 2 -227 128 0 1
377 -373 378 0 -59 372 2 -367 -100 1 2
378 -374 -375 -3823.84 9 -245 1 -238 -32 1 2
379 380 381 0 -223 -322 3 -482 -184 2 1
380 -376 -377 -1044.92 209 -28 3 -316 35 2 2
381 382 386 0 -261 -293 2 -399 -252 2 2
382 -378 383 4080 -81 -262 1 24 366 1 2
383 -379 384 4080 -189 -232 1 -145 104 2 2
384 385 -382 -368.815 158 -347 2 -367 -280 3 2
385 -380 -381 1152.74 -96 -290 1 -257 -103 2 2
386 387 388 0 395 -144 2 221 -267 3 2
387 -383 -384 -2100.73 -250 -87 0 139 37 2 2
388 389 390 0 411 32 1 -482 170 3 2
389 -385 -386 -293.913 -130 318 3 -364 -94 3 1
390 391 394 0 323 -14 1 316 -191 0 1
391 -387 392 -3626 290 352 1 233 -117 1 2
392 -388 393 0 34 -268 0 -179 164 1 2
393 -389 -390 -564.465 -418 133 2 -97 81 1 1
394 -391 395 0 380 -36 1 219 -270 1 1
395 396 400 0 102 -266 1 269 228 1 1
396 397 399 785.939 86 -93 2 471 -327 1 1
397 398 -394 -529.813 491 110 0 259 22 1 1
398 -392 -393 771.972 28 16 1 168 -164 2 1
399 -395 -396 86.032 -4 178 2 -224 39 0 2
400 -397 401 0 -175 -366 1 -397 207 0 1
401 402 403 0 -419 257 2 -267 239 3 2
402 -398 -399 -559.431 170 -113 1 -95 183 3 2
403 -400 404 0 188 -12 0 159 -340 1 1
404 405 407 0 264 151 1 -484 -67 2 2
405 406 -403 2092.46 -295 -105 0 323 -21 0 2
406 -401 -402 476.754 -334 -77 1 -216 -175 1 2
407 408 416 0 -278 -341 1 -477 -141 0 2
408 409 410 0 217 -96 2 -444 -185 1 1
409 -404 -405 2098.74 -207 -98 3 86 256 2 2
410 -406 411 -564.49 420 131 0 -130 137 2 1
411 -407 412 -2084.61 207 132 3 -198 176 2 2
412 413 -412 603.534 -268 -70 1 -445 -301 2 1
413 414 415 -260.211 312 -168 1 -137 -100 1 1
414 -408 -409 646.293 -106 -80 2 -418 47 2 1
415 -410 -411 213.992 -60 -116 2 -41 73 2 1
416 417 430 0 -82 -287 1 -462 -76 3 2
417 -413 418 -179.117 -471 -212 1 -307 -188 1 1
418 -414 419 493.323 15 136 2 -299 -247 3 2
419 -415 420 0 -35 198 3 -153 -179 3 1
420 -416 421 -2127.45 48 155 3 -402 177 2 2
421 -417 422 97.9564 -19 135 1 -71 279 3 1
422 -418 423 0 163 93 0 -96 -176 0 1
423 424 -426 641.785 -387 -34 0 -200 -219 2 1
424 425 -425 794.717 -324 -106 1 195 151 2 1
425 -419 426 769.562 -80 161 1 -448 257 0 2
426 427 -424 -219.391 -121 194 1 -460 -86 3 1
427 428 -423 3182.55 -321 -132 0 -173 311 2 2
428 429 -422 -171.969 -213 289 0 -218 30 2 1
429 -420 -421 916.443 8 173 1 327 -62 1 2
430 -427 431 0 92 197 2 330 -198 3 1
431 432 433 0 147 330 1 242 241 0 1
432 -428 -429 0 -177 364 3 -146 95 0 1
433 434 820 920.274 -434 -122 2 404 49 1 2
434 -430 435 0 458 96 0 -425 -191 1 2
435 436 437 0 384 261 0 -440 -143 2 1
436 -431 -432 630.653 -426 -67 3 -48 -304 1 1
437 -433 438 0 247 236 3 -409 -290 2 2
438 439 444 0 -414 -65 3 -428 -28 2 2
439 440 -439 -546.014 449 -40 2 -350 124 1 2
440 -434 441 -266.503 8 -79 1 -3 163 1 2
441 -435 442 788.79 -139 -69 1 223 -23 2 2
442 -436 443 -1965.25 -406 -254 0 -218 74 3 2
443 -437 -438 -1037.22 -270 -103 2 -212 -171 1 2
444 445 447 0 -304 -384 3 -389 -355 1 2
445 446 -442 148.738 -232 -343 1 -292 -310 1 1
446 -440 -441 0 133 -83 2 104 -101 2 1
447 448 819 1337.69 323 44 3 321 -117 0 2
448 449 451 0 195 46 2 -124 239 3 2
449 -443 450 270.46 -219 141 1 -373 197 2 2
450 -444 -445 0 -19 321 2 -229 60 2 2
451 452 455 0 206 -172 1 229 238 2 2
452 453 454 551.385 -150 -60 1 361 291 2 1
453 -446 -447 0 0 -325 1 257 189 3 2
454 -448 -449 0 -229 162 2 240 86 0 1
455 -450 456 0 -256 -95 0 -395 -343 1 2
456 -451 457 0 350 55 0 46 247 3 2
457 458 471 0 8 -168 1 333 -157 1 1
458 -452 459 -928.177 399 -22 3 259 -125 2 1
459 -453 460 -818.977 7 172 0 56 -123 2 1
460 461 -465 -572.434 -403 -52 2 -83 73 1 2
461 462 -464 854.162 -116 -130 0 -202 -364 0 1
462 463 -463 -485.18 -355 -200 1 314 28 3 2
463 -454 464 -617.185 388 174 1 108 61 2 1
464 465 -462 -247.585 -332 -54 1 1 -80 0 1
465 466 -461 -488.228 375 59 1 75 -66 1 1
466 467 -460 -445.67 372 -357 1 123 -135 0 1
467 468 470 2786.37 -52 -24 2 155 245 0 2
468 469 -457 648.442 197 -98 2 485 -228 1 1
469 -455 -456 1482.2 285 -21 0 -14 -161 2 2
470 -458 -459 -120.702 30 -58 2 69 -97 1 1
471 472 473 0 253 42 2 -17 243 2 1
472 -466 -467 -266.042 -362 360 2 80 211 1 1
473 474 542 0 406 -62 0 -329 -297 1 1
474 -468 475 0 77 242 1 159 68 0 1
475 476 477 0 365 15 0 161 -114 0 2
476 -469 -470 0 -243 144 1 20 -317 1 2
477 -471 478 -3610.22 -395 295 2 -389 -36 1 2
478 479 480 -3566.46 -353 -298 3 -53 -104 3 2
479 -472 -473 3466.55 -55 -87 2 266 -263 0 2
480 481 483 0 -19 55 1 155 -326 2 2
481 -474 482 -3946.04 -418 -365 1 119 -171 3 2
482 -475 -476 1020 -72 -334 2 378 -330 2 1
483 -477 484 0 343 -40 3 150 -345 0 1
484 -478 485 -1004.5 -375 49 3 -370 -117 1 1
485 -479 486 0 -271 347 1 57 85 2 1
486 487 541 2951.8 135 49 2 -75 174 2 2
487 488 540 3497.78 -166 21 2 -106 -164 3 2
488 -480 489 -994.803 -144 162 1 -254 -73 1 1
489 490 492 0 318 -49 2 102 -350 3 1
490 -481 491 115.544 -109 -159 2 347 218 3 1
491 -482 -483 -2713.18 479 -283 2 125 -95 1 2
492 -484 493 0 -29 364 1 155 -50 3 1
493 494 539 -1065.84 243 -24 2 -115 -192 3 2
494 495 -530 149.816 5 -353 1 -59 -323 2 2
495 496 497 0 -339 -369 1 143 59 1 2
496 -485 -486 -452.894 -299 270 2 -257 -306 3 1
497 498 499 223.927 -279 -256 2 -113 355 2 1
498 -487 -488 1712.32 -142 -44 2 127 -145 2 2
499 -489 500 0 328 -140 1 142 -13 3 1
500 501 503 0 366 33 0 102 -340 0 2
501 502 -492 222.789 -277 -40 1 -183 -187 3 1
502 -490 -491 4080 116 -322 1 -348 319 0 2
503 504 505 -4001.18 122 387 3 -77 -44 1 2
504 -493 -494 -93.9132 273 -256 1 -152 66 2 1
505 506 508 0 141 151 2 51 79 1 1
506 507 -497 1888 -23 -112 3 -74 279 2 2
507 -495 -496 2013.74 59 -251 2 203 -191 2 2
508 509 510 0 269 -249 1 -372 -349 2 1
509 -498 -499 -1799.77 350 -117 2 16 -221 3 2
510 511 -529 -404.211 187 250 1 -7 -70 1 1
511 -500 512 0 -5 336 2 122 59 2 1
512 -501 513 0 121 65 0 -401 -314 1 2
513 514 536 -72.6177 174 -220 2 -149 -163 0 1
514 515 516 -3785.09 62 -29 0 -72 -64 2 2
515 -502 -503 -766.34 219 -289 1 -383 -338 0 2
516 517 -524 723.202 131 -12 1 228 228 3 1
517 518 519 -566.38 -378 -228 1 -158 -11 0 1
518 -504 -505 756.54 -229 -128 2 319 -84 1 2
519 520 522 -299.273 311 -245 2 65 -323 1 1
520 -506 521 -2948.68 -394 229 1 -58 -152 1 2
521 -507 -508 -911.45 -217 162 0 -270 14 2 1
522 523 524 0 -470 184 2 -64 -349 3 1
523 -509 -510 19.0197 37 2 3 376 -174 3 1
524 -511 525 0 212 -237 1 127 3 1 1
525 -512 526 177.546 -252 -106 0 -277 286 0 1
526 527 -523 566.963 -393 6 2 -358 97 0 1
527 -513 528 0 128 130 2 100 -311 1 1
528 -514 529 -13.5812 334 -15 2 47 80 0 1
529 530 -522 -103.508 -88 356 1 -316 -36 1 1
530 531 532 -2410.47 -178 379 2 -38 -121 1 2
531 -515 -516 -4075.22 -448 207 0 -196 -201 0 2
532 533 -521 -1991.52 164 210 1 -338 -157 0 2
533 534 535 2825.13 -249 -129 1 -158 -379 3 2
534 -517 -518 0 393 -83 1 39 92 1 1
535 -519 -520 -526.141 150 322 3 -366 -15 1 1
536 537 -528 -1767.33 -381 -68 3 2 -127 1 2
537 538 -527 -905.411 146 -374 0 -192 34 1 2
538 -525 -526 -515.813 230 14 1 -122 -4 0 1
539 -531 -532 0 293 -355 2 -369 -297 0 2
540 -533 -534 816.498 -93 -8 0 -130 335 2 1
541 -535 -536 -167.04 17 138 1 -47 -32 2 1
542 543 547 0 2 234 0 268 220 2 1
543 -537 544 0 28 -272 2 -189 -120 1 2
544 545 546 0 218 -152 2 -210 99 1 2
545 -538 -539 0 -244 -17 0 -220 72 0 2
546 -540 -541 593.045 300 -17 2 -451 88 1 2
547 -542 548 0 -287 250 2 296 -168 1 2
548 549 553 0 -224 -229 2 -428 31 0 2
549 550 552 2178.72 -197 -41 2 362 272 1 2
550 551 -545 -187.95 156 32 2 -405 64 3 1
551 -543 -544 -741.889 -242 123 3 -373 -154 1 2
552 -546 -547 3304.85 -240 -140 1 326 -97 2 2
553 -548 554 0 81 292 1 84 241 3 2
554 -549 555 0 332 311 1 275 -219 3 1
555 556 557 0 233 -263 1 303 -81 0 2
556 -550 -551 2028.38 261 109 3 438 -331 1 2
557 558 560 0 -155 199 2 -36 -338 1 2
558 -552 559 0 294 -188 3 113 -266 0 1
559 -553 -554 440.428 -78 27 2 -21 293 1 2
560 -555 561 0 -45 -362 1 234 -247 1 2
561 -556 562 0 491 -349 1 140 -330 0 1
562 563 567 -950.822 -320 -14 2 0 -284 1 1
563 564 -561 0 -91 -328 2 -199 -303 2 2
564 -557 565 676.121 -229 -97 1 331 -212 2 2
565 -558 566 0 -458 282 1 -319 -54 1 2
566 -559 -560 -2363.82 -460 166 3 88 -119 1 2
567 568 570 0 -359 -320 1 195 -287 3 1
568 569 -564 3205.37 150 -66 0 -324 346 1 2
569 -562 -563 181.735 25 -78 1 -135 320 3 1
570 571 577 0 -74 -333 1 274 196 1 1
571 572 575 0 31 221 3 -76 -142 3 1
572 -565 573 -1813.44 -176 110 0 -170 -146 3 2
573 -566 574 22.243 39 -94 0 -33 -151 1 1
574 -567 -568 0 -226 263 1 -216 11 2 1
575 -569 576 -318.413 223 332 2 294 207 0 1
576 -570 -571 661.21 71 -53 1 373 -318 1 2
577 -572 578 0 5 -335 3 271 -224 1 1
578 -573 579 0 79 -192 1 181 238 2 1
579 580 816 630.726 189 -239 1 -193 91 2 1
580 -574 581 0 93 -303 0 214 -277 3 2
581 582 587 0 -435 114 2 270 122 2 1
582 583 -580 1012.55 -134 -33 1 -67 -183 1 1
583 584 585 -858.63 -75 -175 2 -186 -158 1 1
584 -575 -576 -3566.85 393 241 2 45 -8 1 2
585 586 -579 2325.56 -70 156 2 -214 -47 0 2
586 -577 -578 -1016.81 -37 -252 2 64 -75 2 1
587 -581 588 0 180 362 1 -325 -327 2 2
588 589 600 0 294 352 0 -258 -304 2 2
589 -582 590 0 -309 -256 1 -325 -315 0 1
590 -583 591 0 307 351 2 144 -317 2 1
591 -584 592 -794.161 -250 260 1 172 21 2 1
592 -585 593 0 -381 333 1 163 -83 2 2
593 594 595 0 -24 -319 1 -323 -302 2 1
594 -586 -587 -794.447 -65 310 1 -253 61 2 2
595 -588 596 -3051.71 -382 -20 1 120 -83 2 2
596 -589 597 0 -339 143 3 124 -56 2 2
597 598 -593 4018.24 -55 -144 0 -121 323 1 2
598 -590 599 -1734.85 343 -352 2 -238 -209 2 2
599 -591 -592 116.186 -72 2 2 322 -128 2 1
600 601 602 0 235 236 3 226 -250 0 2
601 -594 -595 -861.861 -351 -248 1 83 125 1 2
602 -596 603 -3598.88 116 -196 0 240 -129 3 2
603 604 607 0 292 -285 1 -408 200 3 2
604 -597 605 -991.228 -101 -171 2 -301 5 0 1
605 -598 606 -1846.63 -48 115 3 54 57 3 2
606 -599 -600 -2596.68 -38 186 2 -304 15 2 2
607 608 609 0 -154 178 3 -109 -326 2 1
608 -601 -602 -212.393 216 237 2 -7 42 1 1
609 -603 610 0 256 -202 2 -396 216 0 1
610 611 612 0 -122 315 1 -269 -303 0 2
611 -604 -605 184.879 -76 -36 3 148 231 1 2
612 613 615 0 385 203 2 286 -61 1 2
613 614 -608 478.964 5 109 0 -355 -154 0 1
614 -606 -607 -3489.08 -482 -269 2 -170 -150 1 2
615 -609 616 0 169 -274 2 -188 -314 3 1
616 617 619 0 -84 209 0 -426 53 0 2
617 618 -612 -540.074 364 58 1 -256 74 2 2
618 -610 -611 -794.157 469 -186 0 -258 40 0 1
619 -613 620 0 -216 -168 1 -375 -288 1 2
620 621 622 0 -368 -175 0 -410 -194 0 1
621 -614 -615 -403.521 -492 -26 0 -294 -56 2 1
622 -616 623 0 436 -7 2 -237 -309 3 1
623 624 625 0 168 -129 1 259 217 3 1
624 -617 -618 -2731.22 373 331 2 6 31 1 2
625 626 812 3405.04 240 -79 2 353 -96 2 2
626 -619 627 0 167 -60 1 -195 238 3 2
627 628 629 0 -99 390 0 -9 -318 2 2
628 -620 -621 -286.823 368 -367 1 183 -154 2 1
629 630 634 0 347 -58 2 6 -304 2 1
630 631 632 0 232 -58 1 -244 -103 1 1
631 -622 -623 32.2365 -250 51 3 0 149 2 1
632 633 -626 -185.48 140 152 3 -143 -257 2 1
633 -624 -625 -1089.96 -61 -394 1 -129 -247 3 2
634 635 636 0 -495 -101 0 269 186 0 1
635 -627 -628 139.838 152 103 1 381 318 3 1
636 -629 637 0 346 311 1 284 37 0 2
637 638 640 0 130 271 2 279 43 0 1
638 639 -632 -1921.54 409 -85 1 7 -47 0 2
639 -630 -631 -136.452 381 -172 0 -116 -13 3 1
640 641 642 0 299 27 2 259 218 1 1
641 -633 -634 2419 195 -76 0 8 -175 2 2
642 -635 643 0 236 257 0 264 201 2 1
643 644 -805 2928.08 -258 160 1 483 -293 1 2
644 645 798 124.646 222 203 0 120 -140 2 1
645 646 648 0 347 -280 1 274 -122 3 1
646 -636 647 725.177 93 74 2 386 -100 2 2
647 -637 -638 -3610.94 -493 254 1 176 -128 1 2
648 -639 649 0 -438 -236 0 195 -285 3 2
649 650 795 3250.7 234 6 1 -391 -27 1 2
650 -640 651 0 240 -8 2 270 86 1 1
651 -641 652 0 237 -5 1 -415 -225 1 2
652 -642 653 0 -3 320 2 249 220 1 1
653 654 -785 4078.41 52 33 0 88 -294 3 2
654 -643 655 0 -14 240 1 272 53 1 1
655 -644 656 -1004.82 -336 -162 1 72 76 3 1
656 -645 657 0 475 134 2 253 204 1 1
657 658 659 0 -157 336 2 -409 -225 2 2
658 -646 -647 -264.763 282 -145 2 -277 82 2 1
659 660 775 4080 -209 -77 2 293 -262 1 2
660 661 662 -3341.61 -170 329 1 214 103 0 2
661 -648 -649 0 -180 -313 2 -174 234 3 1
662 -650 663 0 257 155 2 -404 -230 0 2
663 -651 664 0 -410 141 3 271 92 0 1
664 665 667 0 231 -59 1 247 -215 3 2
665 -652 666 1824.72 135 -205 2 -454 125 2 2
666 -653 -654 167.013 1 -181 1 115 -283 3 1
667 668 676 0 -80 -188 2 -416 -156 2 2
668 -655 669 -605.848 290 235 1 -258 166 3 1
669 -656 670 -443.755 -349 0 0 43 41 2 1
670 671 -663 1010.94 -59 -53 3 -217 323 2 1
671 672 -662 -1183.8 195 -236 1 -144 99 1 2
672 -657 673 226.016 -310 -37 1 228 -315 1 1
673 -658 674 47.5459 -271 -159 2 -152 275 3 1
674 675 -661 1921.39 -391 158 2 -437 167 1 2
675 -659 -660 984.327 -160 -132 0 -262 257 2 2
676 677 -763 1009 137 -24 3 69 -297 1 1
677 678 681 0 211 303 2 -417 166 0 1
678 -664 679 -544.417 -424 -195 2 -362 109 1 1
679 -665 680 423.756 -11 -109 2 350 -253 2 1
680 -666 -667 1293.43 -368 -89 3 -471 -206 1 2
681 682 683 0 -465 337 0 -421 -123 2 2
682 -668 -669 316.725 -245 -6 2 371 -331 3 1
683 684 686 0 -201 200 1 -369 229 0 2
684 -670 685 -1321.67 -328 -116 0 -385 101 1 2
685 -671 -672 1011.3 122 -14 2 -169 -154 0 2
686 687 767 383.145 234 -176 3 -366 173 1 1
687 -673 688 -579.945 -231 -282 2 264 153 2 1
688 689 -753 3190.47 134 225 1 95 -309 3 2
689 690 761 1058.02 -329 -281 1 -37 30 1 2
690 691 753 1020 -367 -246 1 -457 284 1 1
691 692 693 0 -482 101 2 -402 200 1 1
692 -674 -675 -1828.44 -227 -55 2 -235 46 0 2
693 694 708 0 183 181 2 261 97 1 2
694 -676 695 -3087.25 449 -269 0 -82 -167 3 2
695 696 -690 -316.659 316 -204 3 97 -68 0 1
696 -677 697 -3649.78 -90 -227 1 -151 -60 0 2
697 698 -689 3405.5 180 -51 1 -259 -249 1 2
698 -678 699 -923.211 6 153 1 -178 -100 0 1
699 -679 700 1015.29 220 102 1 365 -262 1 2
700 -680 701 -799.977 -325 -172 2 43 -162 3 1
701 -681 702 -2387.24 262 212 0 -175 120 1 2
702 703 -688 -105.289 -426 -78 3 65 64 1 1
703 -682 704 -3050.38 -390 -302 1 52 17 1 2
704 -683 705 -833.868 483 -275 0 211 -18 1 1
705 -684 706 -987.066 329 21 2 -161 -26 1 1
706 -685 707 444.672 120 -53 1 -81 -230 0 1
707 -686 -687 0 167 -196 0 132 187 1 1
708 709 751 3519.9 -234 -240 1 81 65 2 2
709 710 711 -938.964 -118 -86 3 -28 -70 0 1
710 -691 -692 994.836 -286 -82 2 59 320 1 1
711 712 724 0 382 290 3 -403 -38 2 1
712 -693 713 0 -60 256 3 84 -213 0 1
713 714 -705 2249.98 -289 185 2 209 -40 1 2
714 -694 715 -336.842 -55 -144 2 -281 -101 0 1
715 -695 716 -2450.42 35 320 3 -117 117 2 2
716 717 -704 1000.69 -377 161 2 -19 -113 0 2
717 -696 718 0 393 -120 1 -291 -205 3 1
718 -697 719 -38.1451 -319 -121 2 -117 168 0 1
719 720 -703 1055.15 -302 12 2 -57 -101 1 2
720 721 -702 822.101 88 -99 0 115 -245 1 1
721 722 -701 -1027.29 -355 38 3 -233 123 1 2
722 -698 723 653.624 50 11 0 -434 0 3 1
723 -699 -700 -3523.97 202 -22 1 -382 -18 2 2
724 725 730 0 -352 -207 2 -390 -227 0 2
725 726 729 0 27 389 2 -286 -264 3 2
726 727 728 -1203.99 389 265 3 -177 -277 2 2
727 -706 -707 -100.023 -141 197 2 -137 -2 3 1
728 -708 -709 -2441.11 -20 266 2 -390 -249 0 2
729 -710 -711 584.273 -342 -253 1 -100 -324 3 2
730 731 734 0 217 93 3 236 195 0 2
731 732 733 -2082 55 227 1 36 156 0 2
732 -712 -713 3133.32 212 -85 2 -170 205 1 2
733 -714 -715 155.212 -84 -115 2 -333 -238 2 1
734 -716 735 0 294 323 3 -183 -302 1 2
735 736 750 -132.327 -460 264 1 237 51 1 1
736 737 738 -869.636 -415 -307 2 193 -39 2 1
737 -717 -718 -2799.67 276 62 1 -237 -55 1 2
738 739 741 -1451.64 91 -57 2 -196 44 2 2
739 740 -721 617.166 195 42 2 -433 -223 3 1
740 -719 -720 -580.749 440 -83 3 -241 17 1 2
741 742 -731 2449.61 -97 166 2 451 -306 3 2
742 743 749 3220.69 194 -28 2 78 198 1 2
743 -722 744 145.394 -50 106 1 382 296 1 1
744 745 -728 882.725 147 -89 2 214 153 1 1
745 746 748 -979 204 -311 2 -134 -4 1 1
746 747 -725 -877.722 271 84 0 243 162 2 2
747 -723 -724 636.963 -214 -30 1 -359 136 2 1
748 -726 -727 3883.86 -130 -105 1 233 -164 3 2
749 -729 -730 -1988.09 179 339 1 -46 23 1 2
750 -732 -733 0 137 241 2 250 29 1 1
751 752 -736 -428.425 430 -109 2 24 -122 1 1
752 -734 -735 625.083 -208 -251 1 -11 -192 2 2
753 754 755 184.806 -167 -195 2 -158 -35 1 1
754 -737 -738 3522.98 -44 -179 0 162 -188 3 2
755 756 759 2404.1 -145 87 2 384 -148 2 2
756 -739 757 0 494 369 1 -170 -274 2 2
757 758 -742 693.954 -75 -59 0 -452 209 2 1
758 -740 -741 0 451 12 2 121 124 3 1
759 760 -745 -3433.42 -11 53 3 -136 -240 1 2
760 -743 -744 -521.549 297 -242 1 -162 57 1 1
761 762 765 419.617 146 -208 2 -465 310 3 1
762 -746 763 0 -370 230 0 -389 43 1 2
763 764 -749 -216.377 -485 -77 2 132 -183 1 2
764 -747 -748 -2832.39 270 151 0 -121 -39 3 2
765 766 -752 3579.25 145 57 1 223 107 1 2
766 -750 -751 394.216 -289 -225 1 -345 -272 1 2
767 768 -762 3133.75 70 40 1 103 -304 0 2
768 -754 769 -2622.86 -436 60 1 -176 21 3 2
769 770 772 302.889 228 1 1 -470 -110 2 2
770 771 -757 567.69 110 45 3 92 146 2 1
771 -755 -756 -900.155 -292 -202 0 -143 -124 3 2
772 -758 773 0 -207 -204 1 -39 -227 2 2
773 -759 774 -872.689 385 240 0 -82 -103 1 1
774 -760 -761 0 360 -252 3 -169 180 0 2
775 776 -784 1265.02 -337 193 1 461 -279 2 2
776 -764 777 1020 98 -162 1 -373 123 0 1
777 778 -783 270.071 4 -200 1 -83 -114 0 1
778 -765 779 1020 94 -103 2 266 -140 1 1
779 -766 780 1020 -319 -129 1 183 -354 1 1
780 -767 781 4080 -269 -78 1 -343 207 2 2
781 -768 782 0 268 -221 1 163 208 2 1
782 -769 783 0 -377 -182 0 -355 196 3 1
783 -770 784 -1005 -279 -189 1 -179 -19 3 1
784 -771 785 0 400 43 2 -358 109 3 1
785 -772 786 0 -348 116 2 168 190 3 2
786 -773 787 0 344 -69 1 152 -206 2 1
787 788 794 690.401 174 47 0 31 -240 1 2
788 789 790 305.561 35 -156 1 164 -166 1 2
789 -774 -775 886.242 -293 95 1 236 -229 3 1
790 -776 791 -377.616 0 -104 3 -226 152 1 2
791 792 -780 -108.991 44 217 3 -28 191 1 2
792 -777 793 0 240 -323 3 153 37 1 1
793 -778 -779 10.592 -173 197 2 310 -201 2 1
794 -781 -782 1020 -19 -195 2 69 225 1 1
795 796 797 0 449 -6 1 -110 162 2 1
796 -786 -787 123.71 254 135 2 -425 -290 2 2
797 -788 -789 0 472 95 2 40 -214 3 2
798 799 800 214.138 -138 -19 1 -124 327 1 1
799 -790 -791 143 -122 201 2 336 218 0 1
800 801 -804 2207 -76 215 1 300 237 2 2
801 -792 802 0 -453 132 1 -263 233 1 2
802 803 811 2500.59 175 11 3 -200 -118 0 2
803 804 810 326.516 150 -77 1 127 -86 1 2
804 -793 805 0 256 -216 0 -224 227 1 2
805 806 -799 1891.46 -220 5 2 102 -65 3 2
806 -794 807 0 -311 -8 2 38 -155 2 1
807 -795 808 0 -369 94 0 -10 -130 3 2
808 -796 809 0 418 212 1 -270 -57 0 1
809 -797 -798 -645.185 -316 183 0 243 200 2 1
810 -800 -801 288.551 84 125 2 33 273 2 2
811 -802 -803 209.789 -99 -62 1 277 -110 2 1
812 -806 813 -3459.67 -384 265 2 78 -20 1 2
813 814 -810 2208.62 -184 26 1 -242 -4 1 2
814 815 -809 3663.51 -25 -104 3 0 -181 2 2
815 -807 -808 3355.39 189 -24 1 113 308 2 2
816 -811 817 4080 117 -170 3 -263 216 3 2
817 818 -814 1595.48 -93 125 3 240 -134 2 2
818 -812 -813 100.158 134 26 2 -121 -257 3 2
819 -815 -816 -1387.4 -44 -321 2 111 -98 1 2
820 -817 821 0 343 -92 1 -367 -205 2 2
821 -818 822 -794.749 434 -183 0 -98 -191 1 1
822 -819 823 0 477 48 3 -34 -198 2 1
823 824 -824 602.537 -427 -186 3 112 -120 2 2
824 825 -823 0 437 146 2 -120 -158 3 2
825 -820 826 -3124.38 46 123 2 -130 -69 1 2
826 -821 -822 0 53 255 2 -289 150 2 1
827 -826 828 0 218 183 1 -473 124 2 1
828 829 830 -2878.29 -141 31 1 -376 -90 3 2
829 -827 -828 -3322.48 -75 -197 1 49 -49 2 2
830 831 -833 798.643 -169 -191 2 484 251 2 2
831 832 -832 983.032 -204 -3 1 -205 279 1 1
832 833 -831 0 162 194 3 -333 -147 3 1
833 -829 -830 0 -338 268 3 -385 -186 3 1
835
0 63.5 157 
1 43.6818 132.636 
2 60.7 151 
3 57.0833 136.646 
4 43.8077 126.692 
5 60.9 143.8 
6 56.7 126.4 
7 -231.5 -48 
8 -231.5 -56 
9 -231.5 -22 
10 -231.5 -32 
11 -231.5 -40 
12 75.7353 -88.7647 
13 -226.5 52 
14 -227.09 75.1619 
15 -221.333 63.8333 
16 88.5 156 
17 75.5 156 
18 81.5 137 
19 74.5323 142.806 
20 101.875 141.75 
21 90 140.75 
22 98.2342 152.443 
23 107.5 153.143 
24 89.5 136 
25 99.5 136 
26 -200.5 -57 
27 -218.5 -57 
28 -218.5 -53 
29 67.2273 -92.4545 
30 84.5 133 
31 -66.4368 -167.753 
32 -78.8148 -173.722 
33 -183.786 -43.7857 
34 33.6333 -103.933 
35 177 67 
36 189.778 65.8889 
37 168 67 
38 84.4231 129.308 
39 73.3182 -81.5455 
40 64.8333 -84.6667 
41 81.6818 -80.6364 
42 244.923 24.5385 
43 30.2273 116.273 
44 50.8846 105 
45 39.9818 112.679 
46 51.3333 119.667 
47 20.4231 105.923 
48 96.5 118.8 
49 98.0333 127.933 
50 70.5 128 
51 68.5 118 
52 84.3506 121.023 
53 73.6667 117.167 
54 61.5 118 
55 87.1364 107.182 
56 74.5 107 
57 62.5 107 
58 -117.138 55.3276 
59 -126.786 55.1429 
60 -137.118 52.5 
61 -109.154 53.8846 
62 157.6 -62 
63 159.273 -70.7273 
64 182.929 -26.5714 
65 193.75 -27.125 
66 70.5303 96.697 
67 85.431 96.4483 
68 77.5 95 
69 -166.056 -133.722 
70 -164.571 -144.5 
71 -163.091 -153.318 
72 -166.75 -119.25 
73 -224.5 -47 
74 149.529 -59.1176 
75 140.667 -85.6667 
76 141.5 -81 
77 147.394 -70.5 
78 152.4 -63.2 
79 -157 -134.5 
80 -31.7 -121.6 
81 -88.3333 -133.333 
82 -56.3077 -161.192 
83 -59.1 -138.6 
84 -58.6667 -152.417 
85 -93.0667 -142.167 
86 -78.375 -138.125 
87 -78.0404 -145.359 
88 -80.8 -157.4 
89 -65.8182 -152.227 
90 -74.4286 -133.786 
91 -82.72 -164.62 
92 -92 -164.5 
93 -91.1579 -155.289 
94 -65.125 -134.5 
95 -87.6842 -171.289 
96 -90 -176.5 
97 -73.2857 -142.357 
98 178.941 -44.6471 
99 75.9 82.5733 
100 24.5909 100.273 
101 132.235 65.8235 
102 157 67 
103 146.462 66.6923 
104 -185.5 -57 
105 -172.5 -57 
106 88.6977 40.5349 
107 77.6667 39.5 
108 73.8182 33.5455 
109 99.8182 39.7273 
110 -2.58511 73.9362 
111 -228.5 41 
112 -211.506 3.5625 
113 -231.786 4.07143 
114 -141.226 -173.371 
115 13.1667 95.3333 
116 3.875 83.625 
117 23.0857 86.0429 
118 10.6579 83.4211 
119 12.9737 72.0526 
120 28.5 72 
121 39.5 80.2727 
122 74.0333 72.0667 
123 55.9 89.2 
124 61.5 92.5789 
125 41.1923 73.3077 
126 50.5714 86.3095 
127 63.5 73.4 
128 38.6 90.5 
129 76.0714 66.2857 
130 74.5909 57.1818 
131 24.5 67 
132 4.125 66.375 
133 15.5 67 
134 -10.0385 65.9231 
135 -233.5 28 
136 -201.5 79 
137 -211.5 79 
138 227 42.5 
139 -132 48.5 
140 232.848 4.81818 
141 243.5 -24.5 
142 234.5 -24.5 
143 243.709 -11.3837 
144 245.5 0.5 
145 215.634 -8.84165 
146 214.333 -10.1667 
147 133.318 -76.1818 
148 133.682 -83.6364 
149 57.3182 -95.7273 
150 45.3571 -96.9048 
151 -219.203 -43.027 
152 -207.136 -46.4545 
153 217.571 42.5714 
154 195 61 
155 206.941 60.6471 
156 245.7 12.5667 
157 237.929 11.5 
158 240.727 13.1818 
159 236.545 19.9091 
160 244.962 23.5 
161 233 13 
162 239.143 28.7143 
163 234.942 16.3613 
164 225.643 10.6429 
165 210.533 55.9333 
166 213.136 8.95455 
167 206.615 33.6154 
168 205.6 42 
169 216.2 15.55 
170 247.5 36.5 
171 234.598 37.8785 
172 218.857 50 
173 211.818 11.5455 
174 222.656 10.2813 
175 225 33.5714 
176 203.333 27.3333 
177 240.5 28.5 
178 229.5 28.5 
179 222.5 16 
180 207.8 -0.6 
181 212.768 30.058 
182 208.462 50.2308 
183 206.909 19.1818 
184 203.452 11.7419 
185 210.143 48.7143 
186 27.2143 56.8571 
187 32.2273 64.4545 
188 36.7857 57.5714 
189 44 57.5 
190 42.8333 65.6667 
191 58.4451 62.3407 
192 68.5 60 
193 -142 43.5 
194 -132 43.5 
195 -119.692 43.8846 
196 -90 44.5 
197 -102.493 46.2465 
198 164.5 -66 
199 148.045 -67.9091 
200 196.714 -14.4286 
201 183.091 -0.0909091 
202 174.143 -10.4286 
203 184.622 -7.81081 
204 196.167 -9.66667 
205 -151.692 -165.5 
206 -191.125 81.375 
207 -178.5 81 
208 100.5 -75.6667 
209 157.6 60.8 
210 149.714 61.1429 
211 184 61 
212 165 61 
213 174 61 
214 190.909 -29.5455 
215 -167.077 -96.7308 
216 -168.5 -106.5 
217 -36.6429 69.7143 
218 178.603 -34.9706 
219 153.654 -46.7308 
220 164.444 -44.1111 
221 175.636 53.9091 
222 196.828 16.2759 
223 198.545 55.7273 
224 175.852 14.9259 
225 191 55 
226 176.8 21.6 
227 172.1 37.9 
228 176.308 9.92308 
229 185.9 9.8 
230 182.421 53.1053 
231 198 29 
232 186.833 23.3333 
233 176.955 9.09091 
234 171.864 23.4545 
235 193.885 39.6538 
236 181.875 37.8622 
237 194.19 36.8095 
238 199.321 38.75 
239 185.2 47.5333 
240 181.774 17.7097 
241 197.226 47.4516 
242 -103 -170.5 
243 -143.529 -165.265 
244 -121.266 -170.184 
245 -129.2 -174.9 
246 -134.4 -167.1 
247 135.382 -70.0588 
248 124.167 -70.8667 
249 113.038 -72.0769 
250 -183.5 -50 
251 -195.5 -50 
252 119 61 
253 128 61 
254 139 61 
255 -159.5 82 
256 6.20968 62.2258 
257 98.9286 -72.5714 
258 83.2 -74.9 
259 88.7273 -58.8182 
260 -84.5385 42.9615 
261 -18.3182 59.7273 
262 -209.5 67 
263 -197.5 65 
264 -189.382 70.6471 
265 164.878 30.6444 
266 166.138 49.6552 
267 196.618 16.8529 
268 196.4 -2.2 
269 190.5 -1.83333 
270 194.066 -15.6374 
271 207.5 -17.6364 
272 191.342 19.2895 
273 189.773 29.1364 
274 191.5 10.9286 
275 196.017 2.77586 
276 193.7 29.3 
277 191.688 -2.46875 
278 152.185 50.2593 
279 151.343 35.8039 
280 -206.342 -31.7426 
281 -223.259 -30.1379 
282 13.9706 58.0588 
283 0.7 58.2 
284 -9.5 59 
285 70.8846 -75.7692 
286 52.75 -79.4038 
287 154 28 
288 157.014 -38.5676 
289 163.423 -0.230769 
290 173.409 0.181818 
291 152.833 -19.9167 
292 151 20 
293 165.678 -2.7817 
294 161.429 -12.8571 
295 154.389 -17.7778 
296 153.429 -28.4286 
297 109 58.3333 
298 104.842 49.6667 
299 117 45.5714 
300 116.7 54.1 
301 133 50 
302 137.269 -55.1923 
303 142.154 37.6154 
304 142.037 27.4815 
305 107.282 -20.0161 
306 141.167 -45.5 
307 153.167 -39.8333 
308 122.346 -47.1154 
309 140.638 -38.2231 
310 128 -32.2857 
311 145.818 -37.9091 
312 134 38 
313 133.081 29.3243 
314 108.602 -48.0593 
315 119.509 0.937803 
316 107.5 -24.9565 
317 123 -22.5714 
318 142.824 5.11765 
319 -186.5 -43 
320 -191.5 -37 
321 -230.944 -10.7778 
322 -230.5 -2 
323 -230.045 17.8182 
324 -230.5 8 
325 -225.46 31.96 
326 -241.6 9 
327 -233.556 9.30556 
328 -202.5 60 
329 84.2667 -34.4667 
330 42 -50.75 
331 82.5 -45.1699 
332 78.6667 -58 
333 86.2 -46 
334 63.8182 -33.5455 
335 60 -39.5 
336 47.3186 -43.7206 
337 69.7857 -39.5714 
338 78.4545 -50.0909 
339 41.3571 -67.2857 
340 41.5 -78 
341 41.5 -88 
342 -182.375 -35.25 
343 -170.4 -44.18 
344 -61.4667 -128.433 
345 -76.5333 -128.567 
346 91.7692 51.0769 
347 67.2727 43.5455 
348 79.5541 39.6689 
349 76.7 73.4 
350 93.3182 62.3636 
351 82.2 65.5333 
352 100.786 62 
353 66.3636 33.7273 
354 18.8077 -105.846 
355 26.4697 -93.404 
356 15.2143 -88.7143 
357 -160.5 -48 
358 37.625 -65 
359 -197.409 42.5455 
360 -212.409 40.1818 
361 -203.1 40.4 
362 -204.5 52.3729 
363 -214.1 46 
364 -213.333 51.8333 
365 -199.654 43.5 
366 -180.858 50.2248 
367 -173.482 72.8772 
368 -225.563 9.84375 
369 -241.147 14.0882 
370 -226.605 -15.3684 
371 -189.5 -30 
372 31.5 -52 
373 -123 10.5 
374 -114.4 16.5 
375 -113.739 9.02174 
376 -220.5 -18 
377 -220.5 -8 
378 -155.091 -61.6818 
379 -156.8 -70.7 
380 -158.727 -88.0455 
381 -160.833 -95.6667 
382 -157.789 -78.6579 
383 29.1538 -65.7308 
384 29.8158 -78.5263 
385 -234.917 19.375 
386 -219.625 24.375 
387 87.7647 -7.82353 
388 74 -12 
389 85.4348 -54.6304 
390 80.8753 -28.3664 
391 21.5 -73 
392 69.1364 64.0909 
393 58.1667 77.5 
394 50.4091 78.1818 
395 35.5 79 
396 43.0556 79.2222 
397 -149.22 68.3925 
398 -57.3824 59.5882 
399 -37.1579 62.7895 
400 -96 -152.5 
401 -221.5 2 
402 -221.5 12 
403 -236.5 11.5 
404 -214.5 -9 
405 -214.5 -18 
406 -215.25 -0.5 
407 -214.5 31 
408 -230.3 11.94 
409 -229.233 23.6333 
410 -215.5 14 
411 -214.5 21 
412 -215.567 7.2 
413 -204.609 -15.1273 
414 -201.794 31.1765 
415 -204.293 -3.17241 
416 -208.682 30.7273 
417 -208.038 23.3846 
418 -204.5 3 
419 -204.5 7 
420 -207.333 15.8333 
421 -208.98 25.88 
422 -204.962 11.0769 
423 -223.367 19.9 
424 -200.618 17.8824 
425 -224.1 28.3 
426 -223.5 10.5 
427 99.6176 -28.8235 
428 50.0714 50.8571 
429 64.2778 51.2222 
430 -174.515 -20.4659 
431 -177.269 12 
432 -178.767 -4.8 
433 -165.833 -107.833 
434 -168.5 16.4615 
435 -168.346 27.8462 
436 -170.367 11.8667 
437 -182.5 0.5 
438 -181.813 12.9375 
439 -167.731 34.3077 
440 -147 -159.5 
441 -156 -159.5 
442 -190.833 -149.667 
443 -8.9 51 
444 -28.5 49 
445 -20.6667 51.1667 
446 63.7857 46.5714 
447 54.6667 47.8333 
448 45.6667 47.5 
449 36.5 49 
450 -156 -151.848 
451 10.5 55 
452 93.5 23.125 
453 85.7222 15.3889 
454 102.115 1.84615 
455 86.5096 -27.0096 
456 85 -16.5 
457 86.4545 -40.4091 
458 88.1364 18.7727 
459 89.0556 -2.35556 
460 101.5 -4 
461 85.1538 -43.6538 
462 102.045 10.2727 
463 101.786 -9.85714 
464 90.7143 20.4286 
465 101.5 -15 
466 7.5 52 
467 23.5 52 
468 -91 -105.5 
469 -90 -124.5 
470 -90 -114.5 
471 -159.111 -110.278 
472 -135 -128.167 
473 -130.136 -119 
474 -99 -157.5 
475 -98 -133.5 
476 -98.625 -144.875 
477 -103 -155.5 
478 -144 -152.269 
479 -134.5 -99 
480 -151.52 -107.98 
481 -113.1 -157.2 
482 -124.8 -158.1 
483 -137.405 -157.446 
484 -98.4444 -112.722 
485 -105.818 -116.045 
486 -107.176 -103.382 
487 -180.123 -105.145 
488 -170.833 -94.6667 
489 -107.8 -122.7 
490 -139.846 -146.885 
491 -132.083 -147.083 
492 -148.3 -146.1 
493 -192.833 -114.833 
494 -184.875 -113.625 
495 -142.833 -109 
496 -132.214 -111.143 
497 -144.605 -96.3684 
498 -174.5 -145 
499 -186.711 -144.474 
500 -124.208 -109.344 
501 -157.2 -123.7 
502 -188.823 -134.871 
503 -177.643 -133.714 
504 -126.933 -129.767 
505 -128.615 -137.192 
506 -149.333 -128.833 
507 -148.667 -136.056 
508 -136.968 -135.484 
509 -165.5 -145 
510 -156.654 -144.538 
511 -124.5 -122.625 
512 -134.5 -120.583 
513 -145.88 -120.14 
514 -149.433 -98.2 
515 -136.286 -104.357 
516 -146.186 -108.384 
517 -155.5 -95 
518 -164.856 -119.695 
519 -186.167 -93.2222 
520 -191.071 -107 
521 -135.227 -120.636 
522 -148.192 -138.846 
523 -158.727 -113.5 
524 -119.905 -128.643 
525 -142.119 -142.429 
526 -133.879 -133.276 
527 -150.136 -144.455 
528 -132.9 -141.6 
529 -156.923 -143.192 
530 -175.559 -149.588 
531 -125.455 -148.409 
532 -112.373 -144.54 
533 -108.933 -127.953 
534 -100.143 -126.071 
535 -103 -108.643 
536 -113.793 -113.638 
537 56 42.3333 
538 38.5 71 
539 49.5 71 
540 59.2895 71.1579 
541 68.2059 70.8235 
542 67.2244 -13.9727 
543 -180.7 20.1 
544 -177.7 35.04 
545 -181.3 37.9 
546 -172.349 0.19863 
547 -175.8 5.4 
548 14.5 49 
549 53.5 -45 
550 73.1002 21.1471 
551 76.3085 19.3617 
552 -72.2333 -131.933 
553 -119.132 -136.368 
554 -109 -138.5 
555 36.9118 -45 
556 -49.3148 -125 
557 -73 -108.5 
558 -74.9231 -119.962 
559 -68.5455 -124.227 
560 -61.6264 -115.06 
561 -64.2609 -96.3913 
562 15.1 -83.4 
563 4.43478 -91.8261 
564 3.85 -108.55 
565 34.9091 24.0909 
566 36.0952 18.9048 
567 34.3448 31.2759 
568 48.3542 29.1458 
569 62.5 61 
570 44.6667 46.5 
571 48.0402 52.9483 
572 30.9 -52 
573 13.5 47 
574 17.5 -74 
575 35.4783 12.913 
576 26.8571 18.8571 
577 33.0333 -26.9 
578 34.165 -2.57578 
579 54.9167 11.0833 
580 30.0455 -10.3636 
581 -124.5 -124 
582 -125.5 -113 
583 -81.2308 -123.808 
584 -79.3333 -114.967 
585 -82.4286 -111.929 
586 -124.7 -99.4 
587 -123.9 -106.2 
588 -66.9118 -126.176 
589 -65.4091 -109.212 
590 -101.028 -112.389 
591 -78 -111.5 
592 -80.3889 -120.111 
593 -87.3571 -105.429 
594 30.3182 -52.4545 
595 30.9 -44.6 
596 20.7222 25.3889 
597 -172.5 50.3571 
598 -160 50.1667 
599 -166.1 48.1 
600 -154.325 48.8 
601 -25.5 -119 
602 -45.9737 -119.947 
603 -132.5 73 
604 -113.5 -95 
605 -82.2143 -97 
606 26.3 -41.1 
607 35.4444 -32.5694 
608 53.2143 -34.1429 
609 -37.3155 -112.65 
610 -177.5 32.7 
611 -170.5 9.02381 
612 -162.5 37 
613 -147.389 -97.6111 
614 -153.214 -31.1429 
615 -153.339 -20.1935 
616 -45.5 -104 
617 27.7308 69.8462 
618 27.5 79 
619 -113.306 38.7097 
620 -9.35714 -113.143 
621 -18.8636 -112.273 
622 -45.2273 -98.8182 
623 -52.1 -99.2 
624 -13.7394 -103.366 
625 -28.75 -101.375 
626 -37.4091 -98.8182 
627 33.5 53.0909 
628 19 31.5 
629 29 -38.0833 
630 20.4091 -34.7727 
631 36.3462 -33.5 
632 20.5769 -45.3462 
633 63.8077 30.2308 
634 65.1522 39.2609 
635 28.8333 56.1667 
636 16.7 -46.1 
637 16.2692 -35.3462 
638 31.9286 -33.7143 
639 5.5 -78 
640 21 -37.25 
641 -154.449 -51.1795 
642 55.3974 36.1282 
643 24.7857 -38.8929 
644 -54.8265 5.04082 
645 58.2692 20.6154 
646 -146.5 -55 
647 -146.5 -47 
648 23.5 44 
649 35.1509 25.7855 
650 -141.5 -54 
651 25.5 -41 
652 27.9615 -42 
653 19.5 -52 
654 20.2754 -42.3043 
655 -156.5 18 
656 -156.5 23 
657 -156.864 -0.727273 
658 -171.5 22.5 
659 -155.5 4 
660 -169.876 6.17742 
661 -156.5 11 
662 -156.5 -5 
663 -171.5 -2.5 
664 -157.611 42.4444 
665 -158.5 29.0909 
666 -156.633 33.3333 
667 -172.13 33.6957 
668 -157.591 -35.8182 
669 -164.735 -12 
670 -126.25 79.75 
671 -117.5 80 
672 -109.5 80 
673 29.9091 8.31818 
674 -140.318 51.2727 
675 -154.2 51.15 
676 13.0455 6.77273 
677 5.08333 19.9167 
678 3.61765 -4.32353 
679 7.5 -28.3 
680 15.1364 10.5909 
681 13.2857 -19.6429 
682 14.125 43.375 
683 14.8529 20.3235 
684 13.7 -9.6 
685 12.2609 -28.9783 
686 -6.96154 19.6923 
687 3.4308 -8.31027 
688 28.7308 15.2308 
689 5.63793 9.32759 
690 29.5 25.1852 
691 -121.385 -50.1923 
692 -119.231 -40.1154 
693 -144.379 -39.7576 
694 -161.273 40.8182 
695 -142.962 -27.6923 
696 -149.5 -34.8571 
697 -146.393 28.2857 
698 -162.731 14.5769 
699 -162.262 24.5476 
700 -165.1 31.3 
701 -157.132 -3.01017 
702 -153 4 
703 -145.25 6.05 
704 -145.5 16 
705 -146.5 40 
706 -192.5 -85 
707 -192.5 -75 
708 -192.3 -59.4 
709 -192.682 -66.2727 
710 -192.955 -37.4545 
711 -192.5 -50.2941 
712 -14.7105 26.8421 
713 -5.5 19.3333 
714 3.375 45.125 
715 17.1449 45.058 
716 -34.5 -95 
717 -7.5 5.125 
718 4.02 6.94 
719 19.6818 36.7273 
720 28.0217 36.3478 
721 11 37 
722 -10.6818 16.5 
723 -3.31818 40.7727 
724 5.68182 40.7727 
725 -10.2143 40.9286 
726 -5.76156 3.868 
727 -16.9286 -7.42857 
728 -4.73077 -2.65385 
729 3.67241 16.7414 
730 -6.875 13.3472 
731 17.3462 18.7692 
732 18.7222 10.0139 
733 -68.8934 -9.58535 
734 -72.595 -62.7893 
735 -75.3846 -88.8846 
736 -71.25 -81.25 
737 -128.872 -81.141 
738 -126.8 -71.9 
739 -140.615 -78.5769 
740 -129 -52.5 
741 -138.685 -63.6342 
742 -149.333 -55.6333 
743 -148.857 -83.2143 
744 -146.727 -76.5909 
745 -139.5 -83.6667 
746 -147.529 -90.0882 
747 -122 -96.5 
748 -115.067 -92.4333 
749 -133.58 -92.4196 
750 -105.875 -95.125 
751 -94.918 -92.8443 
752 -105.2 -86.9 
753 -35.2381 52.2381 
754 16.1364 -14.7273 
755 5.66216 -47.5135 
756 2.1 -38.4 
757 10.3 -36.2 
758 41.5541 -24.8378 
759 -5.38462 5.30769 
760 -6 1.70588 
761 7.32923 -24.2359 
762 46.0843 2.77528 
763 -15.9186 25.8721 
764 -98.3333 35.1667 
765 -80.625 -12.25 
766 -73.3333 2.83333 
767 -109.75 30.375 
768 -87.4545 31.4091 
769 -116.609 22.587 
770 -105.818 9.59091 
771 -119.532 0.159574 
772 -82.5 21.9091 
773 -94.6286 -13.9 
774 -85.75 -2 
775 -85.6364 7.40909 
776 -108.095 -1.5 
777 -92.4762 23.4524 
778 -107.091 15.7727 
779 -108 23.5 
780 -98.8533 -0.273333 
781 -79 5.35714 
782 -79 -3.5 
783 -88.625 -14.75 
784 -99.3333 24.859 
785 -132.74 -42.04 
786 -2.96667 26.9667 
787 10.8333 30.5556 
788 41.1 -33.6 
789 12.413 -5.02174 
790 -11.2273 78.1818 
791 -9.34211 67.4737 
792 -3.04545 81.0909 
793 -2.8 75.9 
794 46.5667 23.4 
795 -21.7143 8.35714 
796 -9.26923 57.8462 
797 14.5667 54.1333 
798 6.19388 59.9184 
799 23.7857 57.2857 
800 9.5 76.5263 
801 17.6667 72.5 
802 9.3 80.8 
803 18.3571 79.8571 
804 5.3 68.2667 
805 -90.3636 13.6273 
806 20.8333 -6.66667 
807 10.9426 8.36885 
808 11.1034 25.1379 
809 1.18182 21 
810 19 -0.272727 
811 -56.4 -81.7667 
812 -55.7419 -68.0806 
813 -56.35 -56 
814 -59.6842 -46.1316 
815 94.6111 40.2222 
816 98 27.0577 
817 -188.786 -26.8571 
818 -189.269 -17.1154 
819 -192.786 -20 
820 -194.5 1 
821 -188.415 10.8863 
822 -187.885 -3.53846 
823 -188.744 31.6399 
824 -190.76 -9.99 
825 -134.233 -63.9333 
826 -224 7 
827 -187.846 7.30769 
828 -194.25 2.625 
829 -201.5 -7.65789 
830 -206.887 14.3026 
831 -212.864 36.0455 
832 -205.147 38.9118 
833 -197.1 -13.5 
834 -21.1154 -21.9231 
