869
0 0 1 0 -114 201 1 206 335 1 2
1 -1 2 0 193 -363 1 -61 349 1 2
2 3 4 0 397 72 1 -399 -348 1 1
3 -2 -3 -1752.87 25 187 3 -43 -356 2 2
4 -4 5 0 44 189 2 399 -251 1 1
5 -5 6 0 -283 -246 2 -293 -363 1 1
6 7 10 0 98 -212 2 -330 -372 2 1
7 -6 8 0 62 29 2 155 -345 0 2
8 -7 9 0 339 19 3 140 -295 0 1
9 -8 -9 2972.49 -242 -68 2 130 121 0 2
10 11 13 0 311 -274 0 390 -242 2 1
11 12 -12 -3354.75 158 242 2 285 -118 2 2
12 -10 -11 923.825 -99 -210 2 -177 -95 1 2
13 -13 14 0 292 202 0 92 -375 3 2
14 -14 15 0 -149 -304 2 255 -294 0 2
15 16 -869 3771.66 289 -210 2 -102 275 1 2
16 17 19 0 126 -350 1 284 292 0 1
17 -15 18 0 308 16 0 201 -96 3 2
18 -16 -17 -1851.71 259 -292 1 257 116 2 2
19 20 22 0 -194 -123 0 -48 335 0 1
20 -18 21 13.1164 -130 295 2 -203 -186 2 2
21 -19 -20 0 -190 375 1 -147 -21 3 2
22 23 24 0 363 -127 2 -366 252 3 1
23 -21 -22 -351.052 249 -85 3 127 172 3 2
24 25 28 0 382 -301 1 -136 320 1 1
25 26 27 974.896 -143 26 0 -187 -254 2 2
26 -23 -24 274.711 209 326 1 -192 42 0 1
27 -25 -26 -1237.92 266 0 1 -155 69 2 2
28 -27 29 0 383 294 2 -71 332 2 2
29 30 37 0 -375 91 2 481 163 1 2
30 -28 31 0 -192 -229 0 162 -175 0 2
31 -29 32 0 -205 98 1 266 211 2 2
32 -30 33 -1447.56 50 86 2 197 -46 3 2
33 34 -35 -660.311 -306 103 2 106 -133 1 1
34 35 -34 701.775 475 -166 3 -392 -128 2 1
35 -31 36 691.79 42 43 0 -200 -6 1 2
36 -32 -33 920.487 428 -4 1 88 268 2 1
37 -36 38 0 -474 245 2 -299 252 3 1
38 -37 39 0 113 294 1 9 322 2 2
39 40 45 0 226 -248 1 239 305 3 2
40 -38 41 0 -230 394 2 -146 64 3 1
41 42 -43 -2305.52 -160 232 2 103 77 1 2
42 43 44 0 -387 267 3 -136 -7 3 2
43 -39 -40 2052.7 45 -87 2 329 -317 2 2
44 -41 -42 0 172 321 2 277 -15 2 1
45 -44 46 0 -123 -188 0 498 -197 2 2
46 47 48 0 -389 310 3 217 -311 1 2
47 -45 -46 -1175.7 354 282 3 -131 75 0 2
48 -47 49 0 -56 228 1 -197 263 3 1
49 -48 50 0 -179 -283 0 -69 313 1 2
50 51 54 0 293 179 2 229 -292 2 2
51 -49 52 -1386.67 -14 290 1 -149 48 3 2
52 53 -52 -929.911 -160 -114 1 -69 -123 1 2
53 -50 -51 271.248 255 -131 2 -255 206 2 1
54 55 59 -632 -424 250 3 -474 59 2 1
55 56 -57 264.089 -336 -61 1 294 -153 2 1
56 -53 57 -191.885 246 -102 1 -40 78 3 1
57 -54 58 -2065.56 292 290 3 12 94 1 2
58 -55 -56 1803.56 -76 -111 2 170 183 2 2
59 60 61 0 -370 -223 1 -495 -201 1 1
60 -58 -59 1427.81 -61 -6 2 349 -263 0 2
61 -60 62 0 -30 -257 3 405 -232 3 1
62 63 65 0 13 231 1 480 139 0 1
63 -61 64 1527.3 58 -121 3 -366 164 2 2
64 -62 -63 3116.8 438 -140 0 176 -279 0 2
65 66 67 0 -158 218 2 446 231 3 1
66 -64 -65 292.468 -24 51 1 333 239 1 1
67 -66 68 0 -281 -223 1 146 310 2 2
68 69 76 0 0 -230 2 173 -339 0 2
69 70 -74 -1372.37 -10 -21 1 -177 -275 1 2
70 -67 71 1020 -135 -269 1 -499 142 2 1
71 -68 72 68.2656 -248 -318 1 194 -326 3 1
72 73 74 -3643.61 242 42 1 -89 -251 3 2
73 -69 -70 805.763 71 -26 1 -369 122 0 2
74 -71 75 1020 -244 -345 2 -497 368 1 1
75 -72 -73 876.356 23 -126 1 -9 323 0 1
76 -75 77 0 -328 367 0 123 305 1 1
77 78 80 0 250 -10 1 146 -357 3 1
78 79 -78 -748.703 89 38 1 80 -182 0 2
79 -76 -77 -3888.31 -252 112 2 -184 -190 1 2
80 -79 81 0 231 265 3 483 -64 3 2
81 -80 82 0 -135 193 0 437 238 3 2
82 -81 83 0 -266 -247 3 305 -281 2 2
83 84 87 0 -372 41 1 254 283 2 1
84 -82 85 -2534.98 -204 55 3 20 -100 0 2
85 -83 86 0 367 -355 1 282 297 1 2
86 -84 -85 0 -226 -297 2 281 231 2 1
87 -86 88 0 491 250 2 184 -326 3 1
88 -87 89 0 -481 185 1 -104 304 1 2
89 -88 90 0 -221 310 1 -378 -365 2 1
90 91 868 1259.64 269 266 2 215 330 1 2
91 92 94 0 -386 -327 1 -54 298 2 1
92 -89 93 -1168.26 386 128 2 102 266 1 2
93 -90 -91 -603.637 319 -80 0 162 -45 0 1
94 95 96 0 -164 -250 2 285 -282 1 1
95 -92 -93 -1023.41 162 -392 2 241 77 1 2
96 -94 97 0 300 -144 3 313 -261 2 1
97 -95 98 0 -403 121 1 247 291 1 2
98 -96 99 0 140 376 3 127 -368 3 2
99 100 105 0 318 387 2 396 243 0 2
100 101 104 903.089 -9 -109 1 241 278 2 1
101 102 103 -197.895 485 310 0 -80 39 1 1
102 -97 -98 3548.03 410 -108 2 -132 -269 1 2
103 -99 -100 0 -296 278 1 427 -111 1 1
104 -101 -102 0 11 302 1 401 -55 1 1
105 106 110 0 184 -162 0 -176 276 2 2
106 -103 107 330.122 -15 254 3 273 -223 1 2
107 108 -107 383.567 40 -96 3 209 -37 1 1
108 109 -106 324.66 82 -121 1 281 -94 0 2
109 -104 -105 -1053.32 13 -146 3 -21 185 3 2
110 111 112 0 -18 -259 1 -472 -235 3 1
111 -108 -109 -1117.31 467 -44 2 -384 -228 1 2
112 -110 113 0 402 254 1 469 220 3 1
113 114 117 0 -300 13 1 -318 -363 3 2
114 -111 115 0 71 297 3 -386 -191 1 2
115 116 -114 625.959 136 -189 2 -488 -329 2 1
116 -112 -113 4080 -112 -299 1 433 -195 2 2
117 118 119 0 -336 -281 0 293 245 2 1
118 -115 -116 686.814 120 210 2 196 -250 3 2
119 120 121 0 -138 219 2 452 224 3 1
120 -117 -118 -21.3476 -419 -96 1 461 -120 2 1
121 122 123 0 -391 -95 3 169 292 1 1
122 -119 -120 70.105 -161 252 3 -369 296 2 2
123 -121 124 0 -253 139 3 -173 283 2 2
124 -122 125 0 -79 165 2 208 -312 1 2
125 126 128 0 335 160 3 -138 278 2 2
126 -123 127 0 346 -217 3 243 269 0 2
127 -124 -125 1762.79 189 144 1 75 191 1 2
128 -126 129 0 -238 154 0 -194 270 1 1
129 -127 130 0 -130 172 2 -487 -230 2 1
130 -128 131 0 212 263 1 114 275 1 1
131 132 866 89.8152 475 172 1 -13 326 2 2
132 133 140 0 301 222 1 460 -180 0 2
133 134 -136 2329.81 29 126 2 -48 -274 2 2
134 135 -135 528.514 338 103 2 483 -202 1 1
135 136 -134 -362.114 -412 10 0 184 -125 2 1
136 137 -133 -339.053 -253 -40 1 345 -78 3 1
137 138 -132 -336.119 -329 -241 0 42 -116 3 1
138 -129 139 0 205 204 1 472 -199 3 1
139 -130 -131 -604.291 497 -38 2 78 -201 1 2
140 141 146 0 -66 -336 2 -347 -344 3 2
141 142 145 0 324 -239 3 -366 -58 1 1
142 143 -140 -427.115 131 -189 2 11 -304 1 1
143 144 -139 2521.76 -57 -93 2 -107 -67 1 2
144 -137 -138 -154.021 46 15 2 -215 -136 0 2
145 -141 -142 -404.734 -226 307 3 12 48 2 2
146 147 152 0 48 373 2 265 254 3 1
147 148 -148 61.5136 -119 -140 1 264 -21 2 1
148 149 -147 515.703 -82 206 1 -82 36 2 2
149 150 -146 477.407 117 175 1 334 77 2 1
150 151 -145 -1514.97 -360 84 1 156 172 2 2
151 -143 -144 -492.264 378 370 1 148 -104 2 1
152 -149 153 0 -176 239 3 -482 230 0 2
153 -150 154 0 340 -100 2 219 -300 3 1
154 155 156 0 -67 357 2 475 -6 2 1
155 -151 -152 -2992.49 -178 -69 0 242 1 0 2
156 157 158 0 291 -259 1 -494 208 3 1
157 -153 -154 967.465 -142 176 1 -161 86 2 2
158 159 -863 1307.27 466 37 0 -480 154 0 2
159 160 163 0 -446 204 0 231 -289 2 2
160 161 -158 -2377.54 66 215 1 -48 -191 0 2
161 -155 162 -2101.84 258 -184 1 214 -55 0 2
162 -156 -157 -66.6061 -318 -398 1 267 -3 0 1
163 -159 164 0 -8 -329 1 -488 -221 3 2
164 -160 165 0 425 -74 1 256 256 1 1
165 166 167 0 -83 265 2 257 246 2 2
166 -161 -162 0 335 -374 2 267 109 0 2
167 168 170 0 5 310 3 451 171 1 2
168 -163 169 122.451 291 136 3 -127 -225 1 1
169 -164 -165 0 339 -253 1 420 -181 1 2
170 171 859 804.913 381 127 3 -397 -84 2 1
171 -166 172 0 -386 -17 2 176 -331 0 2
172 -167 173 0 304 306 2 185 269 3 1
173 174 181 -3497.97 333 44 1 -331 162 2 2
174 -168 175 4080 -186 -81 2 -439 129 3 2
175 -169 176 0 71 -81 2 -34 -159 0 1
176 -170 177 -3079.97 409 -314 3 -53 -26 3 2
177 -171 178 691.652 54 96 1 -459 68 2 2
178 -172 179 0 -299 -357 3 157 -42 2 1
179 -173 180 0 -73 -164 2 -242 -153 1 1
180 -174 -175 -843.402 82 6 1 -276 -24 1 1
181 -176 182 0 256 50 0 -236 -360 0 1
182 183 186 0 302 -263 1 -82 265 2 2
183 -177 184 1480.66 -158 57 2 255 283 3 2
184 185 -180 0 -275 -129 2 -175 -3 3 1
185 -178 -179 -1109.73 339 -97 3 -197 77 1 2
186 187 189 0 13 319 2 167 -330 2 1
187 -181 188 0 300 316 1 -171 -349 2 2
188 -182 -183 4080 -315 -334 1 -85 108 1 2
189 190 192 0 -364 -54 2 210 -293 3 2
190 -184 191 633.858 -170 55 1 262 -342 1 2
191 -185 -186 1048.71 -127 1 0 18 351 2 2
192 193 195 0 188 351 2 254 -281 1 1
193 194 -189 -1182.46 177 181 1 -130 -251 3 2
194 -187 -188 1812.78 128 -276 2 -300 -218 2 2
195 -190 196 0 351 -257 0 393 -223 2 2
196 -191 197 0 115 382 2 -399 -345 1 2
197 198 199 0 -35 273 1 463 28 1 1
198 -192 -193 -1885.44 453 118 1 -17 -37 2 2
199 200 203 0 214 -328 3 453 -181 0 2
200 201 -197 -536.38 115 295 1 -24 -103 1 1
201 202 -196 3390.38 0 -38 2 38 184 1 2
202 -194 -195 -1927.68 484 136 2 24 -90 1 2
203 204 207 0 347 240 1 -450 221 0 2
204 -198 205 0 246 -139 0 -491 190 2 2
205 206 -201 -607.767 184 -209 1 -467 182 2 2
206 -199 -200 -448.557 91 59 2 -484 86 3 1
207 208 209 0 -451 -155 1 457 15 0 1
208 -202 -203 654.771 349 2 2 -365 -205 0 1
209 -204 210 0 472 -146 0 -437 221 2 1
210 -205 211 0 -193 200 0 -413 -311 3 1
211 212 216 0 331 63 0 418 223 2 2
212 213 -210 3588.46 95 -108 2 383 -220 2 2
213 -206 214 -3505.65 54 -347 2 433 -64 2 2
214 -207 215 943.331 25 -15 1 -186 -127 1 1
215 -208 -209 1330.06 -61 208 0 435 105 2 2
216 217 218 0 76 279 1 -409 -329 0 2
217 -211 -212 -2028.27 -126 339 1 -60 -166 2 2
218 219 222 0 -427 294 0 428 206 3 1
219 220 -216 3858.53 -48 -2 3 283 353 3 2
220 221 -215 -846.187 -81 269 0 -7 -81 1 1
221 -213 -214 3360.94 364 -15 1 487 -13 1 2
222 223 225 0 31 -315 3 386 231 1 2
223 -217 224 -3.61324 -3 -112 1 346 -53 2 1
224 -218 -219 2886.48 -93 -91 1 -438 221 1 2
225 -220 226 0 382 340 1 294 243 2 2
226 227 230 0 -111 -248 1 -397 -291 1 2
227 228 229 -360.69 354 2 1 -21 -175 2 1
228 -221 -222 -673.522 -275 57 3 -350 24 2 1
229 -223 -224 -507.821 -275 -336 1 -291 -256 1 1
230 231 232 0 160 221 0 -400 -286 1 2
231 -225 -226 4080 16 -293 1 -324 108 3 2
232 -227 233 0 53 -318 2 394 -177 1 2
233 -228 234 0 456 -315 1 -401 -273 1 1
234 -229 235 0 327 -295 0 453 150 3 1
235 236 239 0 178 -276 2 385 218 0 1
236 237 -233 -149.884 311 21 3 398 -97 1 2
237 238 -232 888.574 87 180 2 -362 8 2 2
238 -230 -231 692.613 -89 204 3 467 61 0 2
239 -234 240 0 115 -250 0 -380 235 2 1
240 241 247 0 -202 -285 0 421 85 2 2
241 -235 242 0 360 -310 0 59 213 0 1
242 243 244 -3762.11 362 -185 1 323 -128 1 2
243 -236 -237 297.761 113 187 1 478 22 2 1
244 245 246 -3445.53 77 -190 2 -40 -141 3 2
245 -238 -239 -756.595 248 -334 2 15 -163 2 2
246 -240 -241 -147.175 237 -213 1 154 79 0 2
247 -242 248 0 458 -275 0 381 231 1 1
248 249 251 0 285 -205 1 -408 231 2 2
249 -243 250 954.453 -404 -33 1 -441 -278 0 2
250 -244 -245 -834.34 352 249 1 -236 192 2 2
251 252 253 0 -309 -220 0 -487 206 0 2
252 -246 -247 -664.796 262 171 0 -348 191 1 2
253 -248 254 0 295 -189 1 -408 228 2 1
254 255 261 0 -388 181 3 352 223 1 2
255 256 259 0 -192 -187 0 370 210 3 2
256 -249 257 -3530.48 280 -241 0 83 -46 1 2
257 -250 258 100.531 263 189 1 262 -163 1 1
258 -251 -252 -38.6369 -377 258 0 -106 122 0 1
259 260 -255 3625.07 338 -118 1 254 -201 2 2
260 -253 -254 -1928.74 -141 163 1 -41 170 1 2
261 262 263 0 275 -268 0 395 215 0 2
262 -256 -257 -36.5885 293 329 2 -91 208 0 1
263 264 268 0 -234 120 1 411 -67 0 2
264 -258 265 -3056.46 488 98 1 401 36 0 2
265 -259 266 -2571.19 -448 7 0 -46 45 1 2
266 267 -262 813.393 364 43 1 53 270 2 1
267 -260 -261 -890.27 -215 249 2 256 -113 1 2
268 269 272 0 269 13 1 393 143 1 2
269 -263 270 -2214.67 -52 -253 2 -96 155 2 2
270 -264 271 -3734.28 424 153 3 216 -51 2 2
271 -265 -266 778.093 243 -44 2 -344 -257 2 1
272 273 275 0 -314 308 3 -446 208 2 1
273 274 -269 185.444 -468 126 1 -351 -192 2 1
274 -267 -268 -957.518 -457 -3 2 -432 -84 2 2
275 276 277 0 384 68 3 -487 -195 2 2
276 -270 -271 0 255 56 2 -372 128 3 1
277 278 281 0 269 -82 2 210 254 0 1
278 -272 279 465.487 220 26 0 261 -222 0 1
279 -273 280 254.231 38 239 1 -282 -134 1 1
280 -274 -275 625.799 81 206 0 -286 -94 3 1
281 282 284 0 -320 -128 1 403 97 0 2
282 283 -278 855.014 325 12 1 -6 -337 2 1
283 -276 -277 -905.111 -474 -297 1 231 6 2 1
284 285 287 0 481 26 3 -452 -226 0 2
285 -279 286 -134.725 -241 -313 1 -477 -25 2 1
286 -280 -281 0 -19 206 2 -471 -151 2 1
287 288 289 0 358 -280 1 346 -273 1 2
288 -282 -283 725.237 237 -64 0 76 336 0 1
289 290 292 0 386 150 0 373 209 1 1
290 -284 291 0 -383 -109 3 391 -51 2 2
291 -285 -286 -637.786 118 153 0 345 181 1 1
292 293 296 0 180 -294 1 -463 203 1 2
293 -287 294 235.519 -357 -77 1 310 -250 2 1
294 295 -290 1238.15 -476 158 2 231 -142 2 2
295 -288 -289 559.61 31 -53 0 -138 270 1 2
296 -291 297 0 385 58 3 305 234 3 2
297 298 300 0 456 -21 3 218 247 3 2
298 299 -294 -649.332 -316 314 2 -154 142 0 2
299 -292 -293 -22.076 -360 112 2 -163 179 1 2
300 -295 301 0 21 231 2 -478 200 1 1
301 302 303 0 60 -233 3 -374 239 3 1
302 -296 -297 -719.443 476 213 3 -71 31 0 1
303 304 305 0 243 67 1 -443 203 0 1
304 -298 -299 2028.46 -83 -69 3 190 -103 0 2
305 -300 306 0 -264 173 3 -465 -223 2 1
306 307 308 0 460 233 3 -179 260 3 1
307 -301 -302 -128.459 -291 113 0 -201 142 2 1
308 309 313 0 -342 245 2 373 -223 2 1
309 -303 310 -2258.7 -233 71 0 57 61 2 2
310 311 -307 -337.055 -337 163 1 110 -50 3 2
311 -304 312 -346.122 153 -178 2 64 79 2 1
312 -305 -306 2329.46 86 -239 2 -303 -302 3 2
313 314 316 0 277 -91 3 310 -253 1 1
314 315 -310 -1009.17 -312 346 1 28 15 2 2
315 -308 -309 0 219 -310 3 332 -253 2 1
316 -311 317 0 220 195 1 -492 -187 2 1
317 318 323 0 128 -120 0 -486 52 2 2
318 319 -317 0 -441 288 0 -479 -143 3 1
319 -312 320 2124 -235 7 0 232 199 2 2
320 321 -316 152.425 -220 -148 0 -64 -4 2 1
321 -313 322 566.817 -40 141 1 -476 234 2 2
322 -314 -315 -808.982 239 -61 0 -364 4 1 1
323 324 325 0 0 218 1 -435 -232 1 2
324 -318 -319 555.178 -51 -150 3 -472 319 3 1
325 326 330 0 159 -270 2 385 174 1 2
326 -320 327 -3393.01 -321 333 3 327 12 2 2
327 -321 328 543.633 93 22 2 -143 -77 2 2
328 -322 329 0 -343 -178 2 -27 -184 3 2
329 -323 -324 -222.923 -145 -67 1 191 -67 0 1
330 -325 331 0 -416 177 3 194 257 1 2
331 332 333 0 -270 -233 2 368 203 2 1
332 -326 -327 -278.158 297 -234 1 -65 68 1 1
333 -328 334 0 151 -330 1 -113 257 1 1
334 335 337 0 -219 -207 0 379 -214 2 2
335 -329 336 758.29 292 -135 0 -216 44 2 1
336 -330 -331 511.648 293 133 2 448 -272 3 1
337 -332 338 0 228 239 2 342 -240 1 2
338 -333 339 0 498 302 2 284 -275 1 1
339 340 342 0 -235 362 2 367 192 1 1
340 -334 341 -540.274 109 -252 2 74 -51 1 1
341 -335 -336 -1285.63 381 -105 2 -107 -124 0 2
342 -337 343 0 29 -277 3 333 -240 1 1
343 -338 344 0 417 123 2 -399 227 2 1
344 -339 345 0 175 176 0 245 -252 3 2
345 346 347 0 -385 -132 0 254 -239 0 1
346 -340 -341 0 158 307 2 -177 19 2 2
347 -342 348 0 247 -327 2 265 240 1 2
348 349 350 0 -59 -195 1 -416 206 2 2
349 -343 -344 103.528 -432 98 0 34 133 3 1
350 -345 351 0 -448 210 1 -363 237 3 1
351 352 353 0 -366 -53 3 -455 -189 0 2
352 -346 -347 -1066.29 455 -9 0 -117 -129 1 2
353 354 357 0 -150 327 1 392 -127 1 1
354 355 -351 1960.2 73 -97 1 317 -297 3 2
355 356 -350 570.006 -50 -53 1 354 225 2 1
356 -348 -349 0 -326 -82 1 203 -171 1 1
357 -352 358 0 154 -216 2 -349 239 1 2
358 -353 359 0 147 302 3 -320 246 2 2
359 -354 360 0 235 -95 2 221 -269 1 2
360 361 364 0 -255 102 2 360 -194 2 2
361 362 363 -3031.78 -139 -202 1 338 112 1 2
362 -355 -356 2624.79 -125 -61 0 -428 365 1 2
363 -357 -358 0 399 65 2 352 -228 2 2
364 365 370 0 -127 207 1 324 -204 0 1
365 -359 366 -3822.84 -334 70 1 -72 -109 0 2
366 -360 367 0 -336 -295 2 63 -232 1 2
367 -361 368 -2287.49 -490 -205 1 212 72 0 2
368 -362 369 0 -307 -192 0 -167 157 0 2
369 -363 -364 371.02 216 12 1 -12 97 1 1
370 371 372 0 -216 -66 3 154 248 2 1
371 -365 -366 -1590.08 164 319 1 -110 -82 2 2
372 373 375 0 383 142 2 -470 -191 3 2
373 374 -369 476.434 -106 5 3 448 2 1 2
374 -367 -368 177.184 -252 -178 1 128 -288 1 1
375 376 380 0 -473 74 3 -476 -55 2 2
376 377 -374 -916.41 86 35 3 -252 -130 0 2
377 -370 378 -2442.46 490 -332 1 -373 81 2 2
378 -371 379 -146.526 -254 -111 3 -203 102 1 1
379 -372 -373 131.836 -354 71 2 38 243 3 1
380 381 387 0 -193 297 2 -472 168 1 2
381 -375 382 628.846 -273 -3 1 252 275 1 2
382 -376 383 -2505 395 28 2 -292 105 3 2
383 -377 384 -2060.96 189 32 1 -425 166 1 2
384 -378 385 -2703.64 471 -97 0 -440 -148 3 2
385 -379 386 34.4095 -454 62 2 -220 126 1 1
386 -380 -381 -397.596 -65 292 0 -98 -145 2 1
387 388 389 0 162 -150 3 -454 -197 1 2
388 -382 -383 455.149 -144 -78 3 498 -135 1 1
389 -384 390 0 301 -274 2 -332 238 2 2
390 -385 391 0 395 -184 2 258 -236 0 1
391 -386 392 0 231 -301 1 221 -254 1 2
392 393 394 0 146 270 1 -448 191 3 2
393 -387 -388 1664.56 38 -35 2 -62 283 3 2
394 395 404 0 256 -123 2 -459 -152 1 2
395 -389 396 -2195.55 -251 257 0 -20 98 1 2
396 -390 397 0 413 59 3 -236 -192 3 2
397 -391 398 123.171 -151 67 0 485 -87 1 1
398 399 -398 970.331 -264 -13 2 158 222 3 1
399 -392 400 -634.727 -89 141 1 -319 -45 0 1
400 401 -397 -222.258 361 -149 2 -141 -72 2 1
401 402 -396 -131.69 443 195 0 -172 -117 2 1
402 -393 403 0 146 324 3 -290 183 2 1
403 -394 -395 108.284 -451 110 1 -20 30 0 1
404 -399 405 0 337 154 0 -402 -251 2 1
405 406 411 0 -284 271 3 -428 -203 2 1
406 407 -405 2166.72 -175 89 1 181 295 2 2
407 408 -404 755.528 -7 -55 0 95 -226 1 1
408 409 -403 735.942 -148 -220 3 -308 -245 0 1
409 410 -402 -1502.76 -403 -307 3 -54 -127 1 2
410 -400 -401 -264.448 -172 -12 3 -72 64 0 1
411 412 414 0 373 346 2 386 -185 3 2
412 -406 413 96.3268 379 45 0 -303 80 0 1
413 -407 -408 -2838.38 -488 77 0 240 -25 2 2
414 415 416 0 229 -328 1 -464 59 0 2
415 -409 -410 2196.22 -292 -137 2 -68 262 2 2
416 -411 417 0 116 310 2 -460 -105 2 2
417 -412 418 -1225.18 340 67 1 357 117 1 2
418 -413 419 0 -45 246 3 298 -233 0 2
419 420 422 0 -420 50 2 -415 -209 1 1
420 421 -416 0 4 131 1 -28 107 1 2
421 -414 -415 -2338.76 299 132 1 -82 97 2 2
422 -417 423 0 12 324 0 254 -235 0 2
423 424 429 0 184 266 1 -405 -222 2 2
424 425 -423 -1233.25 90 101 2 -14 -83 1 2
425 426 -422 168.173 -250 -151 3 432 -41 0 1
426 427 -421 -480.584 474 -65 2 -203 -90 2 2
427 -418 428 -2297.07 20 181 1 -87 -217 1 2
428 -419 -420 368.389 -224 21 2 -319 140 0 1
429 430 431 0 92 -338 1 -78 250 2 2
430 -424 -425 0 -363 -275 2 -262 27 1 1
431 432 435 0 -360 76 2 -381 208 2 2
432 -426 433 -1522.95 359 307 0 -45 111 1 2
433 434 -429 627.178 -228 0 2 262 -79 0 1
434 -427 -428 94.0273 62 -88 2 29 20 2 1
435 -430 436 0 357 -237 1 217 -282 3 1
436 437 438 0 -352 255 2 238 236 1 2
437 -431 -432 -798.114 -210 180 2 258 107 1 2
438 439 441 0 48 -239 0 -441 192 1 2
439 440 -435 2760.02 -5 -110 3 -325 -174 2 2
440 -433 -434 480.351 -83 102 2 370 109 2 1
441 442 444 0 -248 7 3 213 -265 2 1
442 443 -438 1352.17 127 124 1 335 -176 0 2
443 -436 -437 -362.787 6 -128 0 70 99 0 2
444 445 447 0 -390 -155 0 387 -176 1 2
445 446 -441 2055.04 363 -68 3 -488 54 2 2
446 -439 -440 -1530.78 465 128 1 233 134 0 2
447 -442 448 0 -283 -302 1 197 -306 1 2
448 -443 449 0 152 380 0 228 -248 2 1
449 450 451 0 -75 215 2 -421 193 2 2
450 -444 -445 -624.933 437 -50 1 -294 68 1 1
451 -446 452 0 157 229 3 233 -237 2 2
452 453 454 0 352 -137 3 313 -218 1 1
453 -447 -448 -353.551 -274 153 2 57 61 1 1
454 -449 455 0 285 -166 3 229 238 2 1
455 456 473 0 380 -130 1 -445 114 1 2
456 -450 457 0 178 -73 1 -416 -199 1 2
457 -451 458 -786.323 299 214 1 -127 168 3 1
458 459 -467 2011.3 -344 75 0 0 -282 0 2
459 -452 460 -867.372 129 -261 1 -57 -61 1 1
460 461 -466 488.192 -159 -190 2 353 96 1 1
461 462 -465 -346.861 447 -241 2 21 -72 1 1
462 463 -464 697.198 -299 53 1 -364 331 1 1
463 464 465 -1580.25 -365 -58 3 -412 71 3 2
464 -453 -454 2472.15 46 -85 3 88 -118 2 2
465 -455 466 -2538.05 474 -325 2 -119 72 2 2
466 467 -463 278.915 -22 -174 2 -436 44 1 1
467 468 -462 1909.1 -13 -23 1 36 3 0 2
468 469 -461 2277.61 49 50 1 367 229 0 2
469 470 -460 2157.3 -430 92 1 220 131 0 2
470 471 -459 3185.47 -265 -108 3 -459 235 2 2
471 -456 472 -360.787 171 -301 2 -186 184 1 2
472 -457 -458 1959.68 -146 -157 2 -382 -191 2 2
473 474 855 3187.44 295 132 2 377 -97 1 2
474 475 477 0 33 9 2 365 -72 2 1
475 476 -470 891.01 88 -101 2 -470 135 1 1
476 -468 -469 -842.086 -228 29 2 -121 -127 0 1
477 478 481 0 480 -174 1 363 -150 1 1
478 -471 479 0 -489 6 1 226 203 2 2
479 480 -474 -2095.11 -36 -229 3 313 -51 0 2
480 -472 -473 0 281 -197 2 115 188 2 1
481 482 500 0 206 -300 1 332 199 0 2
482 483 -493 112.797 270 75 1 170 -77 1 2
483 484 -492 -142.182 -267 49 1 202 -73 2 1
484 485 -491 682.869 108 114 2 275 257 2 1
485 -475 486 366.656 4 156 3 -479 3 3 2
486 487 -490 3813.58 133 -111 1 -147 -231 1 2
487 -476 488 0 484 -336 1 -118 225 1 1
488 489 499 814.008 342 -3 1 392 4 1 1
489 490 -487 794.462 338 -159 3 346 190 3 1
490 -477 491 -2772.67 -498 275 3 343 75 3 2
491 492 -486 3695.84 75 -87 3 -499 289 0 2
492 493 -485 632.686 345 162 2 385 305 1 1
493 -478 494 0 -108 309 3 126 -163 3 2
494 -479 495 -3817.34 -387 -281 0 145 -145 3 2
495 -480 496 483.741 231 -83 3 114 -305 0 1
496 497 498 3306.42 -134 -86 2 -467 160 3 2
497 -481 -482 552.136 -30 -150 2 247 309 0 1
498 -483 -484 -3637.09 -404 -249 0 70 -80 1 2
499 -488 -489 -442.268 92 119 2 87 -22 1 1
500 501 502 0 55 -188 2 -403 -172 1 1
501 -494 -495 2479.99 -249 -188 2 326 33 3 2
502 -496 503 0 -290 23 3 301 -208 1 1
503 -497 504 0 409 57 2 372 8 1 2
504 505 506 0 -198 -300 1 118 -331 0 2
505 -498 -499 572.396 -267 -265 1 347 64 3 2
506 507 508 0 -84 -217 1 190 -288 2 2
507 -500 -501 7.69836 -18 66 0 375 270 1 1
508 509 513 0 129 -282 2 346 193 1 2
509 510 511 363.098 -25 35 2 -11 213 2 1
510 -502 -503 -2093.01 114 -248 2 76 148 3 2
511 512 -506 1218.71 -140 -113 3 216 191 3 2
512 -504 -505 -1039.14 191 117 1 350 58 2 2
513 -507 514 0 423 -41 2 366 -15 1 1
514 515 517 0 56 -299 2 141 -325 1 2
515 -508 516 -2529.27 214 186 2 -113 -149 1 2
516 -509 -510 -107.691 323 360 1 -240 -63 2 2
517 518 521 0 -387 231 1 124 -352 0 1
518 519 -514 -95.7883 380 63 0 -349 -219 0 1
519 -511 520 0 136 -224 3 -198 -263 2 1
520 -512 -513 0 139 74 2 142 -155 1 1
521 522 526 0 -32 356 2 -438 169 3 1
522 -515 523 -131.574 -206 131 2 -25 182 0 2
523 -516 524 0 476 -208 1 -241 183 1 1
524 525 -519 2265.88 -291 -34 1 -304 240 2 2
525 -517 -518 2753.78 -294 -17 1 -79 -245 2 2
526 527 -849 205.734 330 -182 2 -22 -206 0 1
527 528 530 0 413 -53 2 -424 -194 2 2
528 529 -522 -411.304 -197 182 2 -2 -173 1 1
529 -520 -521 -553.518 -110 140 2 -52 -132 2 1
530 -523 531 0 449 -24 2 289 -228 2 1
531 532 534 0 318 -198 1 317 211 1 2
532 -524 533 -900.699 221 -250 0 130 -92 2 1
533 -525 -526 257.521 -35 37 3 -305 5 3 1
534 535 541 0 -268 324 2 345 -32 1 2
535 536 540 3707.61 274 -76 1 280 -183 2 2
536 537 -531 4060.32 83 -46 1 -157 276 3 2
537 538 -530 -736.394 -351 -254 1 203 -60 1 2
538 539 -529 1812.92 25 -15 1 331 -106 2 2
539 -527 -528 194.921 211 -48 1 147 -227 1 1
540 -532 -533 -525.019 -491 -70 2 353 81 1 2
541 542 543 0 -392 131 2 305 212 1 2
542 -534 -535 -3056.67 -319 129 1 161 -19 2 2
543 544 547 0 -230 223 3 274 226 2 2
544 -536 545 288.929 276 -96 1 108 -193 0 1
545 -537 546 106.944 129 -23 2 -303 -128 3 1
546 -538 -539 2472.04 221 79 2 137 -308 3 2
547 -540 548 0 140 -362 1 343 59 2 2
548 549 550 0 124 365 2 -172 246 1 1
549 -541 -542 -3410.94 253 -253 3 45 30 1 2
550 551 561 0 191 262 2 -395 200 2 2
551 552 -553 347.683 94 159 3 177 -136 1 1
552 -543 553 489.804 -223 43 2 -495 -247 1 1
553 -544 554 907.795 -291 24 1 63 -236 2 2
554 555 -552 2613.14 -400 -114 2 132 64 2 2
555 -545 556 923.083 -283 -85 2 -459 2 2 2
556 557 -551 3392.6 -201 15 1 61 245 2 2
557 -546 558 -13.8193 275 -270 0 -233 224 0 1
558 -547 559 -310.136 -245 -70 2 62 127 1 1
559 560 -550 -1149.48 139 101 3 -26 -71 0 2
560 -548 -549 -935.078 -392 -258 0 -181 186 3 2
561 562 563 0 -497 -211 1 45 -354 1 1
562 -554 -555 -4079.54 335 296 2 -203 -254 1 2
563 -556 564 0 125 -4 0 247 220 1 2
564 565 569 0 -481 160 1 -404 -194 1 2
565 566 -561 1108.85 -327 -26 1 -113 44 3 2
566 -557 567 0 126 284 0 -413 134 1 1
567 568 -560 469.262 56 79 1 265 -322 3 1
568 -558 -559 324.081 -62 -134 2 277 -131 3 1
569 -562 570 0 138 -259 0 103 -353 0 2
570 -563 571 0 63 267 0 207 -290 1 2
571 572 850 2972.93 -398 16 2 -221 -359 2 2
572 -564 573 0 -109 -289 2 -386 224 1 2
573 -565 574 0 278 -149 1 -384 -352 2 1
574 575 577 0 471 -157 1 -414 123 1 2
575 -566 576 128.698 -143 -83 3 -245 284 2 1
576 -567 -568 -36.6674 55 -243 0 -319 -173 3 1
577 578 592 0 431 201 0 -406 -68 2 2
578 -569 579 -879.349 344 142 3 -384 -33 2 1
579 580 -583 255.462 -230 94 0 -88 92 0 1
580 -570 581 -633.268 -132 -292 2 -162 149 1 1
581 582 588 -348.744 -87 -78 3 -339 -104 1 2
582 583 -577 367.397 -179 72 2 -116 210 3 1
583 -571 584 -464.83 230 -56 3 -120 64 1 1
584 -572 585 -707.274 328 -188 1 -258 -19 0 1
585 586 -576 -1284.58 -247 131 2 -330 86 3 2
586 587 -575 -2419.43 -360 -178 2 -222 -32 3 2
587 -573 -574 -606.695 369 82 3 -237 76 2 2
588 -578 589 2135.07 -158 -69 1 285 199 2 2
589 -579 590 -2668.34 169 271 3 -339 -120 1 2
590 591 -582 598.474 -157 -145 0 -498 -28 1 1
591 -580 -581 2172.42 -159 -102 3 -211 -202 2 2
592 593 596 0 -445 -82 2 287 -212 2 2
593 -584 594 -3213.77 -346 -72 1 -84 -66 1 2
594 595 -587 468.692 -208 93 3 -141 -8 3 2
595 -585 -586 -1037.46 207 276 2 158 114 0 2
596 597 602 0 416 60 2 208 -247 2 1
597 -588 598 535.324 81 -22 2 174 -45 1 2
598 -589 599 -449.463 -217 -218 1 -165 -271 0 2
599 600 -593 -1995.88 193 -307 2 45 -230 3 2
600 -590 601 297.995 -137 -205 2 -159 121 3 1
601 -591 -592 -326.416 289 131 3 220 89 0 1
602 -594 603 0 -435 -277 0 284 -209 2 1
603 604 605 0 287 253 1 281 -215 3 2
604 -595 -596 648.126 210 -196 3 347 261 2 1
605 -597 606 0 334 307 2 -305 240 3 2
606 607 613 0 -485 -185 2 249 -214 1 1
607 608 612 3699.73 -2 -160 1 427 330 3 2
608 609 -602 3334.29 -207 -155 1 374 268 3 2
609 610 611 116.203 -53 33 2 -44 319 2 1
610 -598 -599 0 -77 218 3 270 92 2 1
611 -600 -601 -3748.94 466 -125 2 -187 -68 1 2
612 -603 -604 815.557 254 -72 3 406 256 3 1
613 -605 614 0 -203 327 1 -403 115 2 1
614 -606 615 0 -427 -19 1 288 223 1 1
615 616 619 0 -65 -353 0 302 -194 2 2
616 617 -610 2327.26 283 95 1 -370 230 1 2
617 -607 618 1935.92 160 -173 2 -480 -132 2 2
618 -608 -609 -219.027 32 190 0 -34 16 1 2
619 -611 620 0 411 63 3 313 -38 2 2
620 621 629 0 67 361 2 -99 239 0 1
621 622 -620 3195.39 -184 -79 1 -14 318 1 2
622 623 626 0 -310 282 2 -201 -63 0 2
623 624 625 0 -204 -193 2 -217 164 1 2
624 -612 -613 0 396 133 1 175 -1 3 1
625 -614 -615 0 249 38 2 -211 72 2 2
626 -616 627 -2949.47 -318 -263 0 -59 12 1 2
627 -617 628 0 -218 -294 1 222 -2 1 2
628 -618 -619 80.9579 215 77 2 -220 -313 1 1
629 -621 630 0 194 -230 2 -193 -355 2 2
630 631 636 0 83 274 2 296 197 2 1
631 632 633 0 -424 -242 0 -132 -138 2 1
632 -622 -623 -3776.06 -497 126 2 67 -99 3 2
633 634 -627 2387.36 -78 62 3 -174 -138 0 2
634 -624 635 3086.26 156 -85 1 -437 27 2 2
635 -625 -626 658.696 -195 196 2 -293 -98 0 2
636 637 839 302.131 297 -174 1 244 374 1 2
637 638 650 0 -392 -382 1 283 -186 3 1
638 639 649 -1539.58 -225 -119 2 -202 -57 0 2
639 -628 640 -1544.27 58 -29 0 271 -154 1 2
640 641 -638 -1923.59 -321 319 0 8 -36 1 2
641 -629 642 0 341 -303 1 -188 175 1 2
642 643 -637 -24.7263 -336 -178 2 27 -8 1 1
643 -630 644 0 390 130 0 -7 170 1 1
644 645 -636 952.084 99 -204 3 225 190 1 1
645 646 648 -1555.95 454 -292 1 -175 -177 1 2
646 647 -633 -598.71 356 -22 0 54 19 3 2
647 -631 -632 2167.33 149 -151 2 352 -130 1 2
648 -634 -635 -2136.39 289 103 1 -147 48 1 2
649 -639 -640 -852 130 -299 0 -74 -126 1 2
650 -641 651 0 388 -206 2 273 222 0 2
651 652 653 0 307 300 1 290 -185 1 2
652 -642 -643 -1326.77 239 178 1 126 20 2 2
653 654 657 0 -321 -361 1 295 189 2 1
654 -644 655 0 136 269 1 156 -165 2 1
655 -645 656 1446.14 -29 39 2 413 -51 1 2
656 -646 -647 250.699 -181 -109 2 -433 -181 2 1
657 658 659 0 274 -89 1 298 -64 3 2
658 -648 -649 42.1375 -8 -32 1 -71 -57 3 1
659 660 661 0 -166 105 2 -361 226 1 1
660 -650 -651 44 -205 96 3 126 73 2 1
661 662 671 0 211 220 0 52 -346 3 2
662 -652 663 0 476 -263 1 -385 -6 2 1
663 664 670 -644.618 -59 260 2 -101 -137 2 2
664 -653 665 -995.332 235 -37 0 17 -237 2 1
665 -654 666 231.168 64 -166 3 -344 105 0 2
666 -655 667 -1943.2 253 -176 1 -156 11 0 2
667 668 -659 -19.5255 -168 340 0 69 -144 3 1
668 -656 669 -230.034 -134 236 2 -263 46 2 1
669 -657 -658 -528.972 -182 385 1 111 -104 1 1
670 -660 -661 252.974 -42 18 2 495 259 3 1
671 672 678 0 259 -51 1 288 87 0 1
672 -662 673 0 -38 328 2 -107 197 0 2
673 674 677 -389.518 327 86 0 106 -45 2 1
674 675 -666 -989.936 19 227 2 -116 -99 1 2
675 -663 676 -335.443 211 128 2 -63 49 0 1
676 -664 -665 751.336 220 -3 2 484 -113 1 1
677 -667 -668 -90.5622 299 -50 1 -189 4 1 2
678 679 681 0 -316 299 1 262 -190 1 1
679 680 -671 -909.683 -320 335 1 0 -126 1 1
680 -669 -670 -917.577 -299 353 3 213 -163 3 1
681 682 683 0 -69 -260 1 -387 205 0 1
682 -672 -673 401.513 42 163 2 163 4 3 1
683 -674 684 0 276 -164 2 -81 -348 2 1
684 685 -830 2829.95 226 -191 2 252 232 1 2
685 686 696 0 362 -372 2 300 82 0 2
686 687 -685 924.534 80 -2 0 342 227 3 1
687 -675 688 -501.988 315 -224 3 61 122 3 1
688 -676 689 -426.543 -162 -12 1 -83 66 2 1
689 -677 690 -2206.51 486 -99 0 -136 139 1 2
690 691 -684 1564.45 112 99 0 98 -138 0 2
691 692 -683 -2041.46 417 -170 2 69 -68 0 2
692 -678 693 -299.57 48 -119 1 11 -157 3 2
693 -679 694 -3216.69 51 191 1 -56 -102 3 2
694 -680 695 -2144.11 -491 190 3 84 131 2 2
695 -681 -682 275.661 76 40 1 -296 -201 2 2
696 697 702 0 -274 128 0 59 -341 2 1
697 -686 698 -72.1307 -359 -23 2 158 -115 1 2
698 699 -691 463.705 -175 -101 2 -152 -95 1 1
699 700 -690 2964.34 140 -316 1 404 -75 1 2
700 701 -689 -243.937 462 332 1 48 26 3 2
701 -687 -688 -506.289 -386 -135 3 129 -99 2 1
702 703 704 0 332 131 2 15 -341 3 1
703 -692 -693 394.995 10 -268 1 -367 -107 1 1
704 705 718 0 80 -229 1 247 -145 0 2
705 706 707 -938.051 -496 77 3 230 -41 1 1
706 -694 -695 209.056 -214 -6 1 -280 -166 2 2
707 708 709 0 389 312 2 -42 226 1 1
708 -696 -697 1599.14 252 -48 2 154 -322 3 2
709 710 712 0 -114 -216 0 36 217 3 2
710 -698 711 0 216 -283 1 -193 130 1 2
711 -699 -700 -1251.23 -45 -213 0 258 16 1 2
712 -701 713 0 121 250 1 -208 -211 3 1
713 -702 714 -4024 260 -242 1 -8 -157 1 2
714 715 716 0 -440 -240 1 283 194 1 1
715 -703 -704 350.249 -108 -43 3 105 -65 1 2
716 -705 717 882.61 -186 -168 1 206 338 0 1
717 -706 -707 3338.24 208 -38 1 -87 -346 1 2
718 719 722 0 -344 128 3 289 164 1 1
719 720 -711 497.76 139 204 3 -316 199 0 1
720 -708 721 -526.989 -187 -35 0 285 71 1 1
721 -709 -710 -1023.71 -263 -196 1 -66 -87 2 2
722 723 740 -958.141 247 -121 2 64 -309 2 1
723 -712 724 0 -22 92 2 157 -338 0 2
724 725 735 0 -107 193 3 137 -236 2 2
725 726 727 -820.308 212 -348 2 187 -253 2 2
726 -713 -714 -1038.87 -328 344 2 64 -160 3 2
727 -715 728 4080 -253 -196 1 -344 226 2 2
728 729 734 0 -61 81 3 -321 -241 1 2
729 730 733 1930.14 174 16 2 91 331 1 2
730 731 -719 1363.61 -353 53 1 212 -26 2 2
731 -716 732 0 495 29 1 -276 -338 1 2
732 -717 -718 0 393 -205 2 -359 -113 2 2
733 -720 -721 -2888.85 427 -342 2 106 15 2 2
734 -722 -723 1255.98 -196 -130 3 382 -102 1 2
735 -724 736 4080 13 -241 2 449 -221 1 2
736 737 738 0 -156 123 1 128 46 3 2
737 -725 -726 -234.998 132 227 1 -3 58 2 1
738 -727 739 0 -245 216 2 120 59 1 2
739 -728 -729 0 346 366 3 109 58 0 1
740 741 745 0 375 162 0 268 193 1 2
741 -730 742 0 380 274 0 73 225 2 2
742 743 -734 2427.43 -219 -35 1 309 218 0 2
743 744 -733 -771.444 272 154 0 -194 84 1 2
744 -731 -732 -979.023 386 147 1 -78 0 1 1
745 746 752 0 52 245 1 267 -121 2 1
746 747 -741 683.891 -191 -13 0 56 -199 0 1
747 748 -740 76.8959 -207 112 3 -121 -72 1 1
748 -735 749 230 -62 94 1 83 -152 2 1
749 -736 750 -68.3602 131 -75 0 -88 -81 0 1
750 -737 751 -2984.64 -143 64 3 -45 -64 3 2
751 -738 -739 543.805 54 -114 2 -116 -100 2 2
752 -742 753 0 23 -354 1 -31 -342 0 1
753 -743 754 0 -25 -312 2 273 -46 1 2
754 755 832 1020 -315 -289 2 27 222 2 1
755 -744 756 0 308 -213 3 269 135 0 2
756 757 768 0 184 306 2 253 68 2 1
757 758 760 -3.38374 63 332 1 -82 210 2 1
758 759 -747 -151.507 -340 203 3 242 121 1 1
759 -745 -746 -114.023 -273 156 0 -239 29 2 1
760 761 762 -207.143 149 57 1 -227 -6 2 2
761 -748 -749 -537.011 -255 100 1 178 10 2 1
762 -750 763 0 -170 193 2 -223 199 1 1
763 764 -756 2119.67 -65 36 1 269 -166 0 2
764 765 -755 0 -485 79 1 32 151 1 1
765 -751 766 0 -139 199 0 241 188 1 2
766 -752 767 1461.12 232 -4 2 -357 -147 3 2
767 -753 -754 2523.41 60 -30 2 -350 -212 1 2
768 769 771 0 428 197 1 -362 224 1 1
769 770 -759 2408.23 -82 -104 3 262 218 2 2
770 -757 -758 -80.6575 267 -235 1 -374 191 1 2
771 -760 772 0 146 -117 2 179 -309 2 1
772 -761 773 0 -301 -247 1 -66 -333 2 1
773 774 782 0 439 -2 2 -373 -297 3 1
774 775 781 -857.128 -283 306 0 -59 -57 1 1
775 -762 776 -2151.26 -282 162 2 -140 -194 2 2
776 777 -768 -372.667 311 -29 0 -210 -195 1 1
777 778 -767 741.506 -241 -30 2 238 -199 1 1
778 -763 779 -653.979 -12 391 2 -168 14 0 1
779 780 -766 1778.4 -367 -203 2 -57 346 2 2
780 -764 -765 435.142 -55 62 0 207 362 3 1
781 -769 -770 -468.128 366 182 2 16 -141 1 2
782 783 785 0 -326 -242 1 -373 -273 0 1
783 784 -773 -461.278 -398 344 1 -127 -267 3 1
784 -771 -772 0 340 283 3 -393 -74 2 2
785 786 796 0 65 392 0 -370 -266 0 2
786 787 -784 -141.758 180 -379 1 -175 -67 0 2
787 -774 788 0 366 -230 1 -137 130 2 1
788 -775 789 0 298 -59 0 -355 -332 1 2
789 790 -783 -60.7347 -126 191 2 -198 81 2 1
790 -776 791 0 336 312 1 8 -306 0 2
791 -777 792 0 224 365 0 -30 126 1 1
792 -778 793 -85.5527 328 106 2 -77 -296 2 1
793 -779 794 0 -117 216 1 -307 117 2 1
794 -780 795 0 -339 -224 1 -187 -195 1 1
795 -781 -782 1845.87 -35 103 3 -196 -121 2 2
796 797 799 0 294 -243 0 -366 -300 0 1
797 798 -787 -611.51 227 202 1 -125 -319 1 2
798 -785 -786 -64.8582 -365 360 3 -296 70 2 2
799 -788 800 0 -223 260 1 -402 118 0 2
800 801 802 0 347 221 3 -355 -324 1 1
801 -789 -790 -190.489 -349 190 1 -3 47 1 1
802 803 805 0 -311 192 1 123 -325 2 1
803 -791 804 556.518 -38 -148 1 -177 186 1 2
804 -792 -793 0 -330 -255 1 134 -163 1 2
805 -794 806 0 -436 174 3 -401 50 3 1
806 -795 807 0 -344 23 2 -342 -320 0 1
807 -796 808 0 -15 256 2 208 -261 1 2
808 -797 809 0 -422 -330 3 -311 -321 2 1
809 -798 810 0 400 319 0 202 -294 1 2
810 -799 811 0 -464 -39 2 -398 -253 1 2
811 812 814 0 391 -90 2 -162 -326 2 1
812 813 -802 758.865 111 -256 1 197 -181 0 2
813 -800 -801 -1445.15 -302 -91 1 94 -135 2 2
814 -803 815 0 -59 220 1 -319 -320 1 1
815 -804 816 0 -392 -357 3 -357 -306 2 2
816 817 826 0 -378 -188 1 -314 -285 2 2
817 818 819 0 373 -17 2 169 -264 2 1
818 -805 -806 1020 119 -270 3 -324 69 2 1
819 -807 820 0 -313 -336 2 155 -77 2 1
820 821 -814 363.802 146 -16 2 -278 353 1 1
821 -808 822 0 395 -264 2 135 -128 2 1
822 823 824 -1501.91 -246 323 1 -204 -95 1 2
823 -809 -810 -1531.82 163 167 2 44 -83 2 2
824 -811 825 -1591.35 -88 321 1 40 -139 0 2
825 -812 -813 -3249.16 304 -297 3 -33 8 1 2
826 -815 827 0 -431 161 1 -380 213 0 2
827 828 830 0 388 -213 2 177 -296 2 1
828 829 -818 0 364 -131 1 -244 -211 2 1
829 -816 -817 -3950.22 -424 -24 1 174 -116 2 2
830 831 -821 17.5515 -79 -50 1 383 104 1 2
831 -819 -820 -15.612 -200 321 1 -248 -146 0 1
832 833 834 625.991 -353 -231 2 142 -159 3 2
833 -822 -823 -500.054 456 75 2 160 -192 2 1
834 -824 835 -74.9579 12 -209 3 29 -244 0 2
835 -825 836 1020 -377 -234 2 -428 273 2 1
836 837 -829 -898.269 150 188 1 -90 -63 1 2
837 838 -828 149.741 30 -150 1 -166 -174 1 2
838 -826 -827 -333.363 169 184 2 -196 -136 3 2
839 840 841 0 375 -337 1 113 185 1 2
840 -831 -832 -1887.65 120 -256 0 74 141 1 2
841 842 843 -1910.3 372 290 1 21 143 0 2
842 -833 -834 -720.885 -337 190 2 304 81 0 2
843 844 -842 309.532 -27 169 1 -264 -63 0 1
844 -835 845 -125.446 -218 24 1 300 171 1 1
845 846 -841 -1781.57 322 34 1 289 -134 1 2
846 847 849 2465.68 -151 60 2 375 -32 1 2
847 -836 848 -669.3 -475 213 1 266 97 1 1
848 -837 -838 0 387 226 0 66 171 1 2
849 -839 -840 991.077 -93 -125 1 437 -201 0 2
850 -843 851 1893.09 18 -32 1 160 263 2 2
851 -844 852 1456.35 -77 160 1 -67 -318 2 2
852 -845 853 -693.113 -472 -21 1 -406 -122 0 1
853 -846 854 -1169.58 51 -10 1 -250 -125 3 2
854 -847 -848 2094.26 -417 -30 2 -282 -305 1 2
855 856 -854 3824.16 -148 -84 0 -195 -277 2 2
856 -850 857 3326.66 -145 -126 0 371 190 2 2
857 -851 858 -3777.81 201 188 0 159 -212 1 2
858 -852 -853 3761.44 155 -174 1 -237 107 1 2
859 -855 860 0 260 196 3 432 111 3 1
860 861 -862 -427.195 28 192 1 151 62 2 2
861 862 -861 2931.52 292 -67 0 -16 135 2 2
862 863 -860 -105.82 311 274 2 55 10 2 1
863 864 -859 -631.63 -438 -39 2 -16 47 1 2
864 865 -858 1141.52 425 -208 1 -182 220 2 2
865 -856 -857 3608.34 116 -167 0 -298 -172 0 2
866 867 -866 758.901 11 -176 3 -371 160 3 1
867 -864 -865 0 140 -326 2 472 -169 2 1
868 -867 -868 -139.997 78 -122 2 167 277 1 2
870
0 98.4744 152.538 
1 74.4444 158.889 
2 -158 -161.5 
3 -159.789 -154.342 
4 158.231 -71 
5 -60.5 -173.75 
6 -93 -176.5 
7 -108 -176.5 
8 -120 -176.5 
9 -134.737 -176.658 
10 157.692 -61.4615 
11 149.647 -62.9412 
12 149.273 -73.1818 
13 -74.6 -177.5 
14 66.5508 -91.4068 
15 89.7105 106.263 
16 94.5909 132.114 
17 92.1087 116.391 
18 79.5 149 
19 53.5 145 
20 64.7593 148.815 
21 -122 57.5 
22 -130.733 56.3667 
23 62.5 131 
24 62.5 138 
25 42.8333 131.667 
26 52.5 135 
27 76.5 140 
28 237.857 7.57143 
29 238.857 33.2857 
30 238 17 
31 233.059 34.4118 
32 239.928 22.9712 
33 241.308 40.2308 
34 243 13.5 
35 236.955 4.90909 
36 -111.182 56.4091 
37 76.2692 134.077 
38 48.5 120 
39 61.5 123 
40 61.5 115 
41 83.0556 125.889 
42 72.5 121 
43 82.1316 116.895 
44 247.5 -22.5 
45 34.0714 -103.714 
46 22.6429 -105.429 
47 2.04545 84.0909 
48 36.6429 123.286 
49 34.9667 -87.1333 
50 48.4143 -92.5429 
51 69.5 -85 
52 35.7667 -95.9333 
53 -218.136 20.9091 
54 -217.731 26.4615 
55 -228.758 25.4839 
56 -226.816 37.8947 
57 -230.833 18.3333 
58 -233.5 -37 
59 -233.5 -26 
60 168.385 -47.8462 
61 236.5 -9.88462 
62 238.904 0.712766 
63 246.808 -9.11538 
64 206.222 57.7222 
65 215 53 
66 33.9615 117.923 
67 -80.7273 -171.864 
68 -57.0476 -161.31 
69 -71.4 -145.1 
70 -64.4 -145.3 
71 -77.2 -146.1 
72 -71.2034 -160.381 
73 -69.7143 -173.643 
74 -58 -151.147 
75 32.5 114 
76 -105.429 -164.5 
77 -95.5821 -168.485 
78 -85.1667 -165.667 
79 238.81 -21.2586 
80 195.846 61.2308 
81 115.633 -73.5333 
82 62.9545 95.1818 
83 86.3 108 
84 86.1 96.6 
85 69.8101 101.636 
86 -63.1273 -135.391 
87 39.5 111 
88 -140.8 -171.9 
89 27.9706 107.941 
90 51.5 108 
91 41.5 108 
92 99.5 -75.6 
93 90.3 -76.8 
94 138.833 -85.25 
95 52.5 102 
96 -119 -172.5 
97 166 65.4 
98 172 66 
99 185.75 65.25 
100 178 66 
101 159.778 66.3333 
102 152 66 
103 22.7308 85.4615 
104 22.7 103.6 
105 18.3302 95.2642 
106 14.8846 85.1538 
107 7.72222 88.1111 
108 -216.5 -57 
109 -230.5 -57 
110 226.667 43.6667 
111 -148 -166.5 
112 -133 -168.3 
113 -123.538 -167.192 
114 -114 -167.5 
115 145.4 66.6 
116 132.235 65.8235 
117 219 47 
118 211 47 
119 44.5 103 
120 33.5 103 
121 28.5 95 
122 13.1667 -107.667 
123 52.5 90.4286 
124 30.1 87.4 
125 37.8846 92.3077 
126 2.1 79.6 
127 -229.5 -52 
128 72.4231 85.9231 
129 226.816 -23.8684 
130 213.786 -24.1429 
131 219.405 -8.27273 
132 221.423 -26.3462 
133 211.833 -7.66667 
134 220.808 -15.4231 
135 220 0.176471 
136 222.154 4.23077 
137 -175.7 -145.2 
138 -182.7 -141.4 
139 -167.5 -141 
140 -191.286 -144.071 
141 -152.5 -141 
142 -159.7 -140.8 
143 79.9 75 
144 72.3966 80.0345 
145 81.3 82 
146 70.1 72.6 
147 76 68.8333 
148 72.5 64 
149 -226.5 82 
150 25.5 -97 
151 226.5 13.5 
152 226.5 4.5 
153 -232.5 72 
154 -232.5 61 
155 52.5 -82 
156 74.6667 -82.1667 
157 63.5 -82 
158 39.5 -82 
159 -228.885 -44.4615 
160 62.5732 74.3659 
161 72.6 57.4 
162 63.3621 57.8276 
163 210 -6.16667 
164 208.4 0.5 
165 211.407 26.9385 
166 -76 -137.5 
167 32.6959 79.4536 
168 -119.091 8.68182 
169 -104 10.7 
170 -114.545 19.9545 
171 -97.6 16.5 
172 -96.5 23.6667 
173 -105.6 33.5 
174 -104 28.7 
175 -111.83 18.6489 
176 -136.76 -162.66 
177 50.5 74 
178 -3.03333 73.9333 
179 15.25 74.5833 
180 34.5 74 
181 -85 -155.5 
182 -85 -135.5 
183 -85 -144.5 
184 27.5 -88 
185 15.5909 -99.1818 
186 16.9286 -89.1143 
187 60.2273 -77.1818 
188 67.1 -76.8 
189 78.5 -77 
190 155.51 -47.2723 
191 -158.2 -150.9 
192 216.214 4.64286 
193 214.5 14.5 
194 206.625 -12.7083 
195 204.625 -22.125 
196 204.5 -3.5 
197 218.591 -13.0909 
198 -227.5 72 
199 -223.5 72 
200 -211.733 75.4521 
201 -194.76 75.5844 
202 208.5 5.5 
203 208.5 14.5 
204 -179.5 76 
205 -170.471 -125.382 
206 196.5 53.1667 
207 186 59 
208 186.977 50.0233 
209 178.727 46.8182 
210 201.385 47.1538 
211 -166.2 -133.9 
212 -165.857 -141.786 
213 188.545 27.9091 
214 193.971 38.3824 
215 201.714 30.4286 
216 186.4 34 
217 178.182 58.8182 
218 167.4 55.92 
219 148.615 56.5385 
220 127 63 
221 -161.778 -125.778 
222 -157.8 -117.1 
223 -159 -135.944 
224 -159 -143.5 
225 -161.636 -93.6818 
226 -163.667 -108.654 
227 173.969 -14.2798 
228 -160.571 -82.9286 
229 203.5 11.5 
230 170 44 
231 160 44 
232 179 41 
233 147 44 
234 -138.836 44.2377 
235 179 35 
236 195.826 19.3478 
237 202.4 16 
238 177.667 19.6667 
239 179.294 27.8235 
240 184.439 19.002 
241 173.786 21.1429 
242 137 56 
243 -151.5 80 
244 -170.1 80.2 
245 -163.227 79.8182 
246 -226.605 56.5263 
247 -225.5 64 
248 -158.5 76 
249 126.714 58.4286 
250 132.727 56.8182 
251 128.25 48.1875 
252 136.182 45.7273 
253 118.769 46.6923 
254 112.277 51.8 
255 120.4 58.4 
256 156 36 
257 169 36 
258 169.818 31.7273 
259 169.538 21.3077 
260 165.406 16.3577 
261 179.065 9.73913 
262 170.042 13.25 
263 162.9 7.6 
264 170.5 7.8 
265 152.75 1.08333 
266 162.709 14.6047 
267 -186.313 61.4375 
268 -197.5 61 
269 -212.5 61 
270 -227.974 -18.5789 
271 -225.756 -34.7907 
272 16.7 66.7 
273 28.3696 67 
274 40.9706 67.1765 
275 53.1154 67 
276 155.333 38.8333 
277 157.487 16.0744 
278 155.591 45.1364 
279 -217.5 -50 
280 -210.5 -50 
281 -197.5 -52 
282 153.5 -67.4 
283 169.3 -65.4 
284 149.184 33.1579 
285 141.846 33.6154 
286 133.071 34.6531 
287 -228.5 51 
288 -209.5 52 
289 -201.5 52 
290 -217.5 52 
291 96.5833 54.5833 
292 28.9286 59.9286 
293 44.4333 57.9333 
294 53.5 58 
295 -224.5 48 
296 -128.818 49.7727 
297 -129.2 42.9 
298 -182.071 57.7143 
299 -191.591 52.7273 
300 -211.5 -44 
301 -6.03846 69.9231 
302 6.5 70 
303 142.045 -80.8182 
304 141.1 -62.6 
305 139.796 -48.2222 
306 143.143 -66 
307 142.283 -73.1304 
308 140.5 -69 
309 124.763 -70.1579 
310 133.682 -80.7273 
311 -231.5 -10 
312 -225.214 -8.57143 
313 -227.885 33.0769 
314 -239.346 16.7308 
315 -230.199 6.76531 
316 -239.917 8.08333 
317 -227.875 44.625 
318 -173.3 -55.2 
319 -182.214 -54.8571 
320 137.5 45.5 
321 142.357 -2.14286 
322 143 -1.33333 
323 144.053 19.7366 
324 153.5 23.5714 
325 3.5 66 
326 129.115 26.4688 
327 124.8 36.8 
328 -11.0455 65.9091 
329 149.5 -38 
330 137.409 -41.0455 
331 138.444 -33.0741 
332 133.136 -73.6364 
333 100.056 -72.1111 
334 126.686 20.0221 
335 123.016 43.4688 
336 133.033 42.9 
337 89.8182 -57.7273 
338 -139.5 79 
339 56.4545 -73.3182 
340 75.2727 -56.8182 
341 83.2308 -57.3077 
342 69.9 49.2 
343 -163.268 64.544 
344 -174.5 57 
345 -121.558 45.0116 
346 -215.342 -17.6842 
347 -200.114 -21.4737 
348 146.5 6.5 
349 147.971 15.0882 
350 158.773 11.2727 
351 146.357 -7.39286 
352 -108 46.5 
353 -94 48.5 
354 33.3678 -71.595 
355 130 -34 
356 121.739 -33.3478 
357 115.929 -49.7857 
358 130.286 -24.8456 
359 84 -46.7241 
360 92.3333 -52.3333 
361 96.5714 -21.7143 
362 84 -21 
363 98.0518 -36.638 
364 107 -30.7143 
365 8.35 59.65 
366 -7.95455 60.1818 
367 -213.414 -34.1143 
368 -216.786 -23.7143 
369 -212.955 -11.8182 
370 -217.5 16 
371 -217.553 8.21053 
372 -231.976 21.4048 
373 -230.33 8.63393 
374 -217.46 -2.72 
375 -213.3 35.4 
376 -213.37 44.1739 
377 -210.5 18.6 
378 -221.8 11.2 
379 -225.278 26.6111 
380 -210.3 25.4 
381 -214.34 34.24 
382 -194.667 -42.5 
383 -197.267 -33.3 
384 -95.2 40.9 
385 72.5909 -53.2727 
386 30.2547 -53.0377 
387 -202.484 42.3689 
388 -189.622 44.3902 
389 -207.045 11.0909 
390 -199.5 -13 
391 -200.5 18 
392 -215.719 3.53125 
393 -209 7 
394 -211.443 7.04897 
395 -198.5 3 
396 -203 -7.875 
397 -200.5 25 
398 -215.038 26.5769 
399 -158.8 -71.3 
400 -166.5 -43 
401 -177.97 -35.9813 
402 -166.395 -29.3684 
403 -183.389 -45.5111 
404 -184.833 -29.3 
405 -166.3 -54.4 
406 152.423 -6.30769 
407 137.5 -7.5 
408 142.22 -22 
409 -203.5 33 
410 -218.088 32.9118 
411 -205.833 33.2778 
412 142.76 25.84 
413 72.1053 -50.7895 
414 -154.5 -43 
415 -155.324 -33.5294 
416 -154.5 -53 
417 38.5 -54 
418 -148.625 -46.375 
419 -159.875 -54.25 
420 -160.5 -45 
421 -148.1 -55 
422 -142.5 -55 
423 -142.5 -46 
424 -39 71.6667 
425 -17.9118 59.5882 
426 -138.714 31.3571 
427 -127.955 78.1818 
428 -139.7 61.5 
429 -147 59 
430 20.5 -79 
431 63.82 46.44 
432 48.5 48 
433 -179.214 48.5714 
434 -179.5 42 
435 -194.5 43.5 
436 16.5 -79 
437 18.6429 -70.4286 
438 18.3889 -62.5556 
439 153.5 1 
440 138.5 0.5 
441 139.5 -15 
442 3.83333 -105.476 
443 35.5 -43 
444 -186.773 47.8636 
445 -170.672 45.9397 
446 39.2857 -33.5 
447 70.3125 -35.6875 
448 82.2955 -43.5455 
449 34.5 50 
450 -185.188 -19.9063 
451 -195.419 5.32258 
452 -200.283 -9.1087 
453 -191.206 32.8235 
454 -184.1 34.2 
455 -185.321 7.48718 
456 -207.9 34.1 
457 -205.357 26.3571 
458 -196.9 11.3556 
459 -198.1 27 
460 -189.5 26 
461 -182.125 29.125 
462 -204.3 6.03333 
463 -200.048 -0.66129 
464 -200.447 35.1842 
465 -185.348 -5.27273 
466 -186.45 -13.925 
467 -186.633 20.8 
468 111.5 1.5 
469 128.79 -4.22269 
470 123.556 6.55556 
471 119 29 
472 119 15 
473 128.007 5.77338 
474 135.722 18.0556 
475 95.0952 10.2143 
476 98.2222 47.4444 
477 115.5 51.913 
478 89 21 
479 90.6429 29.2857 
480 107.5 46.8182 
481 99.7124 17.3264 
482 111.176 29.2353 
483 94.9091 36.6364 
484 100.154 30.5385 
485 108.896 20.8229 
486 89.2 37.8 
487 97 22 
488 115.429 37.5714 
489 105.31 37.1379 
490 92.6957 48.1304 
491 92.8 42.2 
492 124.3 49.3333 
493 102.233 56.2 
494 -167.266 0.686801 
495 -190.5 -14.7 
496 68.8929 -35.4107 
497 126.824 35.2206 
498 -57.3235 -127.941 
499 -71.75 -130 
500 -58.2857 -120.786 
501 -57.8378 -105.068 
502 99.5714 -3.59524 
503 107.491 15.6607 
504 122.5 42 
505 110.21 39.9516 
506 99 43.625 
507 120.885 35 
508 -50.7857 -122.857 
509 -42.1667 -123 
510 -31.7 -121.6 
511 -125 -158.5 
512 -109.286 -158.071 
513 -116 -158.5 
514 -97 -157.5 
515 -176.5 35 
516 -191.346 34.8846 
517 -177.8 19.75 
518 -191.3 19.68 
519 -176.5 27 
520 -179.707 -18.1379 
521 -164.559 -19.6471 
522 -161.5 -36 
523 58 -49.75 
524 78.1622 40.5946 
525 84.4231 70.1538 
526 87.8158 62.4737 
527 98.84 -22.94 
528 107.127 9.74599 
529 101.773 1.45455 
530 122.288 34.1818 
531 102.971 1.97059 
532 98.0455 1.59091 
533 88.5 0.5 
534 65.4519 38.9423 
535 74.22 67.68 
536 38.5 78 
537 63.8333 75.6667 
538 51.6912 76.1471 
539 42.9 79.2 
540 96.2935 9.18478 
541 6.5 55 
542 -20.6923 57.7692 
543 -135.3 73.6 
544 -132.808 56.1538 
545 -150.125 50.25 
546 -145.955 72.9091 
547 -143.967 66.9333 
548 -143.731 48.141 
549 -141.5 70 
550 -132.5 65.6364 
551 -150.5 50.5 
552 -164.868 50.3421 
553 -132.318 76.3636 
554 -137.111 -159.278 
555 -148.211 -157.079 
556 28.1154 80.9231 
557 -154.5 -16 
558 -147.465 -29.1529 
559 -157.5 -24 
560 -143.5 -16 
561 -163.661 -16.0179 
562 -142 -155.5 
563 10.1 -88.6 
564 -125.5 76 
565 -185.967 -148.867 
566 -170.5 14.1667 
567 -167.839 -10.6429 
568 -169.171 21.8037 
569 -160.9 11.1 
570 -162 -3.5 
571 -161 28.5 
572 -160.5 21.5 
573 -145.324 23.2941 
574 -145.912 31.7647 
575 -145.1 43.2 
576 -160.3 35.9 
577 -145.5 15 
578 -161.167 -14.2778 
579 -160.1 15.9 
580 -148.7 -5.7 
581 -159.5 0 
582 -161.864 -9.04545 
583 -145.5 40 
584 44.5769 -32.9615 
585 60.1154 -34.1538 
586 57.2778 -42.8889 
587 53.1 -34.6 
588 12.5 -77 
589 12.5 -67 
590 18.3 -53.6667 
591 26.5 -43 
592 16.3387 -45.1935 
593 13.3333 -56.6667 
594 46.3929 -32.9286 
595 46.5 -43 
596 34.25 -33.75 
597 -69.6923 51.5 
598 39.5 -51 
599 29.5 -51 
600 30.8333 -30.8333 
601 21.4346 -44.3115 
602 21.6667 -30.8333 
603 6.72727 -31.1818 
604 14 -30.8182 
605 -149.208 13.9896 
606 58.6667 62.3333 
607 73.5 -32.2727 
608 70.2293 -20.8966 
609 58.6429 -36.8571 
610 63.6512 -53.9651 
611 79.3145 6.53248 
612 -18.5 50 
613 -27.3571 49.2857 
614 -10.5 50 
615 -2.5 50 
616 6.07143 50.2857 
617 26.5 50 
618 12.9286 49.7143 
619 19.5 50 
620 -37 62 
621 -164.654 -147.462 
622 55.1111 37.3333 
623 58.5806 23.871 
624 68.2333 52.5333 
625 56.5 47.3462 
626 48.9 47.5 
627 64.5 66 
628 36.4 -48.9 
629 44 -3 
630 44 -8 
631 38.1 -47.6 
632 40.2094 -22.15 
633 37.0476 -11.5714 
634 49.3571 -16.2857 
635 56.6579 -16.2105 
636 41.6364 -23 
637 41.7667 -36.5333 
638 53.413 -8.34783 
639 57.1923 -24.9231 
640 49.9706 -25.7647 
641 47.0435 66.913 
642 40.9 -25.5 
643 50.1 -2.1 
644 56.5455 14 
645 54.75 17.6923 
646 70.1957 40.4348 
647 55.0448 43.7388 
648 56.8636 -0.454545 
649 68.7759 23.9828 
650 -103.5 78 
651 -115.214 77.7143 
652 -147 -151.5 
653 -135.867 -151.233 
654 -141.5 -142 
655 -126.769 -151.962 
656 -124.5 -141 
657 -116 -151.5 
658 -113.125 -140.375 
659 -132.682 -141.727 
660 -104.375 -151.375 
661 -94 -151.5 
662 55.5 65 
663 42.5 32.5 
664 57.7609 18.6304 
665 53.4091 32.2273 
666 55.9 9 
667 22.5 4.6 
668 33.8636 5.63636 
669 28.4615 -6.84615 
670 20.7273 -10.1818 
671 26.7144 -24.9763 
672 -129 57.25 
673 -126.5 67 
674 -159.7 -144.733 
675 53 -28.5 
676 70.9286 12 
677 53.3333 -17.7857 
678 51.0714 10.2143 
679 39.5 -16.5 
680 52 -21.6667 
681 69.2143 10.8571 
682 55.2444 14.8556 
683 68 34.1667 
684 43.6429 -2.92857 
685 54.5 30.7941 
686 -94 -146.5 
687 -120 -146.5 
688 -132.4 -140.414 
689 -114.038 -136.231 
690 -107 -146.5 
691 -142 -146.5 
692 -174.5 -136 
693 -152.352 -136.111 
694 41.1207 4.25862 
695 25.2222 0.722222 
696 52.5 38 
697 63.0385 38.1538 
698 42.1538 37.7692 
699 63.6333 29.5333 
700 54.5 29 
701 14.5 -37.7778 
702 19.5303 -42.3788 
703 43 31 
704 43 20 
705 20.4824 -1.57213 
706 4.53333 3.13333 
707 8.2 11.7333 
708 55.5 49.2727 
709 40 42.1818 
710 55.5 41.3846 
711 55.5 57 
712 -94 -142.5 
713 -66 -116.5 
714 -66.4 -124.1 
715 -115.231 -141.192 
716 -105 -142.5 
717 -115.9 -131.2 
718 -97.1777 -125.987 
719 -114.286 -118.786 
720 -78 -117.5 
721 -78 -127.5 
722 -72.3077 -127.038 
723 -72 -117.5 
724 -122.714 -140.929 
725 -124 -116.5 
726 -124 -126.5 
727 -133 -116.5 
728 -142 -116.5 
729 -141.33 -131.468 
730 33.6429 76 
731 32.5 45.5 
732 39.6863 52.3789 
733 48.8333 64.5556 
734 21.5 45.5 
735 33.9 -4.9 
736 11.625 -8 
737 11.2143 3.07143 
738 21.2213 2.2623 
739 35 -3.1 
740 41.5 38 
741 30.5 38.5 
742 -189.5 -136 
743 21.5455 14.0909 
744 10.4231 16.0385 
745 20.7 60.8 
746 27.5 61 
747 22.9909 72.6545 
748 8.5 43.5 
749 23.7 48.0667 
750 -15.3333 29.6667 
751 -12.8636 21.8182 
752 -4.5 5.42308 
753 3.1 4.5 
754 0.792308 16.3154 
755 -0.244681 -5.32979 
756 22.3 40.6 
757 -130.63 31.2407 
758 -120 31.5 
759 -109.5 72 
760 -8.16667 -115 
761 -85.9667 -127.933 
762 -176.944 -125.556 
763 -190.024 -124.333 
764 -183.663 -115.093 
765 -174.875 -108.375 
766 -178.618 -131.706 
767 -191.773 -106.273 
768 -192.214 -129.857 
769 -177.5 -97 
770 -189.321 -96.5385 
771 -192.5 -83 
772 -180.368 -78.0943 
773 -191.912 -71.2353 
774 -185.974 -60.0526 
775 -169.5 -129 
776 -169.5 -105 
777 -185.974 -63.9474 
778 -169.5 -93 
779 -169.5 -71 
780 -169.5 -82 
781 -140.144 -80.9111 
782 -153.4 -71.1 
783 -169.5 -118 
784 -172.056 -62 
785 -165.5 -118 
786 -165.5 -129 
787 -165.5 -102 
788 -146.091 4.80488 
789 -158.654 -128.769 
790 -158.289 -119.842 
791 -29.5 -119 
792 -57.9615 -121.308 
793 -70.5 -122 
794 -138.5 -47 
795 -147.232 -122.512 
796 9.5 -67 
797 -124.5 -124 
798 5.5 -92 
799 -154.833 -62.3333 
800 -93.5 -122 
801 -104.929 -123.857 
802 -81.5 -122 
803 -137.875 -113 
804 -158.5 -105 
805 -83 -89.5 
806 -72.4 -94.7 
807 -94 -89.5 
808 -115 -89.5 
809 -131.119 -94.158 
810 -156.091 -93.6818 
811 -154.038 -79.7692 
812 -162.227 -80.4545 
813 -164.333 -87.6667 
814 -105 -89.5 
815 -121.074 60.4259 
816 -66.2 -101.9 
817 -65.8182 -108.773 
818 -11.1111 -100.917 
819 -53.7973 -38.1892 
820 -39.8333 -30.5 
821 -62.0301 -10.4124 
822 -83 -102.5 
823 -103 -102.5 
824 -114.833 -109.667 
825 -122.878 -101.622 
826 -140.585 -101.562 
827 -150.957 -98.0217 
828 -142 -110.409 
829 -151.636 -109.5 
830 -0.966763 -22.0954 
831 55 8 
832 63 8 
833 72.7 -0.8 
834 64.5 0 
835 58.1176 -1.23529 
836 48.2857 -47.2143 
837 53 -3 
838 54.2408 -20.1338 
839 63.9 -6 
840 71.3182 -6.54545 
841 68.5 5 
842 63.5789 -2.68421 
843 -156.5 41.3333 
844 -160.5 45.5 
845 -183.667 30.8333 
846 -165.808 41.3462 
847 -157.389 26.2778 
848 -176.357 33.0714 
849 98.5823 -18.5323 
850 88.5 -14 
851 72.4615 -29.9231 
852 59.8462 -32.5385 
853 66.5743 -19.6733 
854 56.6667 -24.8333 
855 190.4 -25.4 
856 163.958 -29.2378 
857 148.889 -35.3333 
858 182.727 -27.5455 
859 143.8 -19.2 
860 147 -40.8333 
861 155.2 -43.8 
862 178.947 -37.1053 
863 223.206 23.2017 
864 232 12 
865 228.929 28.4643 
866 231.733 2.86667 
867 80 88.375 
868 74.5 81 
869 187.12 -34.04 
