879
0 1 4 0 -300 -120 2 295 276 1 1
1 0 2 -965.304 -16 -281 3 289 194 2 1
2 -1 3 -2120.61 240 348 3 84 -69 2 2
3 -2 -3 2287.88 168 -38 1 126 209 3 2
4 5 7 0 382 -341 1 187 337 0 2
5 6 -6 0 322 335 1 -125 286 2 1
6 -4 -5 367.704 222 33 2 7 118 0 1
7 -7 8 0 -319 -162 1 -179 287 1 2
8 -8 9 0 311 147 3 490 -205 0 2
9 10 12 0 139 -332 3 253 -286 1 2
10 -9 11 -2028.3 -116 102 3 217 -216 2 2
11 -10 -11 409.361 115 -7 1 248 73 0 2
12 13 17 0 -457 41 2 -305 246 0 1
13 14 15 0 -464 -266 2 146 -88 1 2
14 -12 -13 -1686.05 -463 108 3 -48 148 2 2
15 -14 16 0 -150 -150 1 -377 32 3 1
16 -15 -16 -231.709 154 328 1 140 24 1 2
17 18 19 0 281 243 1 269 310 3 2
18 -17 -18 1907.47 75 193 3 331 326 2 2
19 -19 20 0 1 260 0 -135 317 0 1
20 21 22 0 93 348 2 -181 274 1 2
21 -20 -21 2334.55 -51 -98 1 7 312 1 2
22 23 25 0 481 -128 2 -364 242 0 2
23 24 -24 -2215.55 398 229 1 114 -62 0 2
24 -22 -23 -353.446 -283 270 0 129 -72 3 2
25 26 28 0 -186 285 0 382 -240 2 1
26 -25 27 -3747.96 38 109 2 304 -223 2 2
27 -26 -27 3603.48 134 -64 1 -231 -204 1 2
28 -28 29 0 225 327 1 -81 331 3 1
29 30 32 0 34 -310 2 417 244 0 2
30 31 -31 0 -382 231 3 -59 -87 1 1
31 -29 -30 -2950.01 -159 -221 2 427 218 1 2
32 33 34 0 263 -250 0 -398 -347 1 1
33 -32 -33 2210.81 -340 -166 3 213 -203 3 2
34 35 40 0 300 217 2 341 -248 0 2
35 -34 36 0 318 115 1 166 96 1 1
36 37 -39 395.957 114 102 1 48 131 2 2
37 38 -38 2345.22 373 -110 1 -287 -23 0 2
38 39 -37 1932.81 359 -225 1 17 121 1 2
39 -35 -36 0 -208 -181 1 -119 -266 1 2
40 -40 41 0 -311 144 3 -329 229 0 2
41 42 43 0 21 -399 1 -214 248 1 1
42 -41 -42 0 -296 382 1 -255 112 3 2
43 -43 44 0 -73 -317 2 113 -328 1 1
44 45 46 0 -227 -235 2 -488 221 1 2
45 -44 -45 3175.49 -187 -1 3 232 81 1 2
46 -46 47 0 367 176 2 -488 -221 1 1
47 -47 48 0 -286 -93 1 481 210 0 1
48 -48 49 0 348 -205 1 214 -302 3 2
49 -49 50 0 368 55 0 -167 311 3 2
50 51 52 0 -373 -342 2 397 248 2 2
51 -50 -51 0 -196 313 1 408 164 2 2
52 53 54 0 228 -45 3 -402 -323 1 1
53 -52 -53 -259.926 -433 -320 2 -136 -340 2 2
54 55 58 0 -174 84 3 -491 92 1 2
55 56 57 0 322 -38 1 -451 -135 2 1
56 -54 -55 2198.96 -171 122 2 156 42 2 2
57 -56 -57 -689.609 -259 324 3 -342 103 0 2
58 59 61 0 -184 -278 1 -354 -312 2 1
59 -58 60 821.001 -283 -112 0 61 99 1 2
60 -59 -60 4080 16 -364 3 132 120 1 2
61 -61 62 -423.021 38 -338 1 -95 -357 3 1
62 -62 63 0 -275 -126 1 284 326 0 2
63 64 65 0 -299 286 3 -211 248 2 2
64 -63 -64 -690.11 -100 -365 3 180 182 0 1
65 66 68 0 41 -330 1 -87 -354 3 2
66 67 -67 -294.111 -188 370 1 17 -90 3 1
67 -65 -66 -3127.68 103 -186 0 -186 -249 0 2
68 69 70 -874.275 306 -201 1 267 150 2 1
69 -68 -69 -194.929 -144 379 3 224 265 1 2
70 71 75 0 -250 -264 1 -117 311 1 1
71 72 -74 -57.1237 -158 55 2 -93 162 3 1
72 73 -73 544.613 -100 -52 0 -35 -35 1 2
73 -70 74 -183.52 390 102 3 247 95 2 1
74 -71 -72 -2033.4 325 325 0 199 -49 2 2
75 -75 76 0 -237 -294 1 -61 321 3 1
76 -76 77 0 -459 187 2 0 317 2 1
77 78 82 0 433 298 2 -333 -371 2 2
78 79 81 4080 149 -328 0 -195 360 1 2
79 80 -79 1020 138 -270 1 484 -206 1 1
80 -77 -78 352.57 -173 -229 1 117 36 2 1
81 -80 -81 -648.425 -24 144 3 161 -96 2 2
82 -82 83 0 -289 36 1 478 201 2 1
83 -83 84 0 -431 -123 1 -373 -361 1 2
84 85 89 0 -1 224 1 185 -347 0 2
85 86 87 272.105 -89 6 0 164 128 3 2
86 -84 -85 2404.6 -286 -222 2 -111 169 2 2
87 88 -88 391.69 -193 -71 1 -222 -77 1 2
88 -86 -87 888.014 200 -277 3 -85 20 1 2
89 90 92 0 -112 271 1 -408 -283 0 2
90 -89 91 1178.15 -393 -68 0 -27 0 1 2
91 -90 -91 -4036.67 -383 302 0 -379 -158 3 2
92 93 95 0 -8 -210 0 131 -368 2 2
93 -92 94 842.859 -279 -125 0 284 -244 3 1
94 -93 -94 911.716 -232 -27 1 -324 -260 0 2
95 -95 96 0 134 181 3 243 312 1 2
96 97 99 0 -143 -290 1 -204 248 2 2
97 -96 98 -577.621 -191 296 3 109 193 3 2
98 -97 -98 -145.441 -90 217 2 -137 45 2 1
99 100 102 -534.698 -171 -103 0 384 241 1 1
100 101 -101 -127.529 495 -32 2 -92 223 0 1
101 -99 -100 -3735.63 460 -314 0 309 -87 2 2
102 103 104 0 -142 -243 1 -324 243 2 1
103 -102 -103 0 -168 271 1 149 160 1 2
104 -104 105 0 323 -240 2 288 280 1 1
105 -105 106 0 -372 -101 0 168 -352 3 1
106 107 109 0 310 11 2 -195 249 1 1
107 -106 108 0 -346 -221 2 34 262 0 1
108 -107 -108 264.347 30 -135 0 -177 206 1 1
109 110 111 0 139 -197 0 180 -339 0 2
110 -109 -110 0 -453 -152 2 -309 -207 2 1
111 -111 112 0 -294 99 2 271 -284 2 1
112 113 115 0 -346 163 0 487 -153 3 1
113 -112 114 -127.243 -418 256 3 459 151 3 1
114 -113 -114 120.045 398 141 2 -176 264 1 1
115 116 118 0 -145 -189 1 453 229 2 2
116 -115 117 -510.919 -206 33 1 321 193 3 1
117 -116 -117 -530.594 -188 196 1 -41 67 1 1
118 -118 119 0 228 -127 2 323 -250 1 2
119 120 122 0 -455 176 1 444 -199 3 1
120 -119 121 -1040.42 -112 250 2 476 -91 2 2
121 -120 -121 0 -495 -80 1 465 -200 1 2
122 123 125 0 291 -117 1 400 153 0 2
123 124 -124 0 466 160 1 413 -85 1 2
124 -122 -123 2089.1 356 -6 1 -376 278 2 2
125 -125 126 0 -293 161 2 191 -323 3 1
126 127 878 4080 139 -101 3 -252 -194 2 2
127 -126 128 0 -43 -381 1 205 -314 2 2
128 129 130 0 -251 -142 2 494 -9 0 2
129 -127 -128 -42.7943 -179 249 0 480 191 0 1
130 -129 131 0 117 44 2 -467 -225 3 1
131 -130 132 0 92 -277 1 130 309 1 1
132 133 135 0 249 236 0 173 301 2 1
133 -131 134 0 -204 387 1 239 204 3 1
134 -132 -133 -1594.65 25 -330 0 229 -78 2 2
135 -134 136 0 385 -198 3 -134 305 2 2
136 -135 137 0 -453 -356 1 488 185 2 2
137 138 139 -728.293 81 319 0 -475 22 3 1
138 -136 -137 -501.729 -400 307 1 -253 134 1 2
139 -138 140 0 83 162 1 276 273 2 2
140 141 142 0 308 -87 1 -161 293 1 1
141 -139 -140 -202.35 291 21 3 -168 -60 0 2
142 -141 143 0 -279 -56 2 -160 277 1 2
143 144 145 0 -469 -213 1 -77 306 1 2
144 -142 -143 -1578.15 397 330 0 279 187 1 2
145 146 148 0 440 -189 2 426 -207 1 2
146 -144 147 0 -199 332 3 -22 -225 2 1
147 -145 -146 -938.14 376 28 1 22 80 3 2
148 149 150 0 384 -138 2 -477 -214 1 1
149 -147 -148 -541.716 494 279 0 -441 60 0 2
150 151 153 0 337 58 1 467 185 1 1
151 152 -151 -662.952 -63 329 1 452 172 2 1
152 -149 -150 0 -151 -97 0 419 206 3 2
153 154 155 0 -151 343 2 139 -364 0 2
154 -152 -153 -1633.52 -405 -339 2 -144 -226 2 2
155 156 158 0 -29 -360 2 286 -251 1 1
156 -154 157 0 -368 212 3 310 -107 0 1
157 -155 -156 -259.933 218 369 1 86 -124 1 2
158 159 163 0 -379 -319 1 142 297 2 2
159 160 161 115.057 -129 200 1 327 292 0 2
160 -157 -158 -484.002 -85 -251 2 282 5 2 2
161 -159 162 -825.943 24 -112 0 261 -71 2 2
162 -160 -161 -176.522 -274 -259 1 -149 35 2 1
163 164 165 0 -89 194 2 171 287 2 1
164 -162 -163 0 172 -219 1 274 142 1 1
165 166 168 0 159 -270 0 -171 262 0 2
166 167 -166 150.919 66 142 2 -66 -249 0 2
167 -164 -165 -454.57 -307 -170 1 -186 -83 1 1
168 -167 169 0 436 284 0 -193 248 1 2
169 -168 170 0 -395 63 0 261 -283 2 2
170 171 173 0 375 -128 2 450 -173 0 2
171 -169 172 0 432 241 2 469 108 0 2
172 -170 -171 -2758.02 -360 214 3 -7 -124 1 2
173 174 177 0 -128 -343 2 112 277 3 2
174 -172 175 -2085.84 -126 -50 1 -105 140 1 2
175 176 -175 -466.165 -366 -123 1 94 -93 2 1
176 -173 -174 241.606 98 243 1 -6 -33 0 1
177 178 179 0 144 -358 2 -255 -358 1 1
178 -176 -177 4068.56 -340 -237 1 414 105 2 2
179 180 184 0 58 227 1 -1 262 1 2
180 -178 181 0 -180 28 1 -157 -97 3 2
181 182 183 7.13507 261 -7 0 -361 185 1 2
182 -179 -180 -2198.66 -151 85 1 155 174 2 2
183 -181 -182 796.725 203 113 1 -209 -201 3 1
184 185 187 0 159 213 0 -186 243 0 2
185 186 -185 -494.365 315 -171 0 66 -149 2 2
186 -183 -184 1008.47 -81 -84 1 -80 177 1 2
187 188 189 0 24 186 1 -123 -359 0 1
188 -186 -187 575.886 153 -69 3 278 367 2 1
189 -188 190 0 397 374 3 456 -197 0 1
190 -189 191 0 173 -208 0 -471 -221 1 2
191 -190 192 0 351 -358 1 253 272 2 2
192 193 196 0 -233 -206 0 -92 263 1 2
193 -191 194 0 -193 -70 2 -159 24 2 1
194 195 -194 98.0412 -97 223 1 138 -66 1 2
195 -192 -193 -1229.67 72 49 0 -140 30 1 2
196 197 199 0 -54 340 1 -457 -221 0 2
197 198 -197 249.276 -428 -147 1 151 185 2 1
198 -195 -196 242.639 -359 -125 1 418 -61 2 1
199 -198 200 0 308 -71 3 238 -288 1 1
200 201 208 0 212 153 1 452 -159 2 2
201 202 207 2701.39 460 138 2 -190 -258 2 2
202 203 204 -837.634 -311 -309 2 336 193 2 1
203 -199 -200 -3809.66 184 -254 2 245 -135 1 2
204 205 -204 -598.338 -108 -104 0 177 -102 2 2
205 -201 206 0 -391 142 1 41 191 3 1
206 -202 -203 126.355 313 10 2 -37 142 1 2
207 -205 -206 -755.388 -230 -250 3 466 6 1 1
208 -207 209 0 -470 -183 2 475 -63 1 1
209 210 216 -3341.6 -294 -207 2 306 202 1 2
210 211 -214 3668.81 124 -85 2 -78 -302 0 2
211 -208 212 0 30 310 3 467 31 0 1
212 -209 213 0 468 -154 1 444 24 3 1
213 214 -213 -3567.09 -336 205 3 147 -95 1 2
214 215 -212 0 -412 293 1 431 130 2 2
215 -210 -211 -839.737 300 344 2 -52 -98 1 1
216 -215 217 0 279 77 0 467 144 0 1
217 -216 218 0 89 88 1 457 211 3 2
218 -217 219 0 -254 310 3 158 -353 2 1
219 -218 220 0 -245 -299 3 -173 253 1 1
220 221 225 0 -360 333 2 355 -227 1 2
221 222 223 -440.602 345 231 1 -120 -75 3 1
222 -219 -220 316.44 -130 -5 3 -335 305 1 1
223 -221 224 0 -117 -286 1 420 6 1 2
224 -222 -223 0 109 257 3 415 92 2 2
225 -224 226 0 -173 249 0 -220 243 1 2
226 -225 227 0 -284 -205 2 462 -153 2 2
227 -226 228 0 -440 -169 3 471 27 0 2
228 -227 229 0 -174 -302 3 -484 -207 0 1
229 -228 230 0 114 261 2 -387 -354 2 1
230 -229 231 0 -294 -283 1 441 238 3 1
231 -230 232 0 -210 -294 3 -175 249 1 1
232 -231 233 0 -358 330 1 465 -94 0 1
233 -232 234 0 -277 -264 2 -436 -237 2 1
234 -233 235 0 311 285 2 -160 257 3 1
235 -234 236 0 320 253 0 328 -238 2 1
236 237 238 0 -71 -282 0 456 -95 0 2
237 -235 -236 911.475 276 -145 1 251 250 0 2
238 239 244 0 -252 91 3 -472 -185 1 1
239 240 -242 1138.82 -295 94 2 10 154 1 2
240 241 -241 526.614 -54 68 0 -82 -285 2 1
241 242 243 0 -92 -316 1 -374 -200 2 1
242 -237 -238 -536.684 55 298 0 -116 -56 1 1
243 -239 -240 -1897.9 285 -24 2 -223 -18 2 2
244 245 873 2259.07 -443 90 1 -394 -150 1 2
245 246 248 0 478 -20 2 422 -201 1 2
246 -243 247 0 -421 -224 1 353 -216 3 1
247 -244 -245 -939.488 -377 -118 2 303 -183 2 1
248 -246 249 0 491 131 2 341 -228 2 2
249 -247 250 0 457 73 3 -468 -211 3 2
250 -248 251 0 371 -205 2 262 -240 2 1
251 -249 252 0 173 -372 2 371 72 3 1
252 253 254 0 -173 -18 2 243 -278 1 1
253 -250 -251 169.819 -149 42 1 -183 73 0 2
254 -252 255 0 -18 -255 2 -128 262 2 2
255 256 258 0 -175 -355 1 -495 144 0 1
256 257 -255 -244.748 -367 302 3 -44 157 2 1
257 -253 -254 2110.15 -12 -16 2 -400 -253 2 2
258 259 269 0 123 -319 0 209 -268 2 2
259 260 261 0 308 -136 1 -183 -288 1 2
260 -256 -257 -239.78 383 88 0 71 -22 2 2
261 262 -266 2698.2 228 -54 1 296 168 1 2
262 263 -265 2107.86 212 -255 2 -97 222 0 2
263 -258 264 0 -237 183 2 122 -297 1 2
264 -259 265 0 282 155 1 238 -19 2 1
265 -260 266 -2016.67 -207 53 2 102 -192 3 2
266 267 -264 -129.757 233 361 2 95 92 2 1
267 268 -263 1398.1 -178 2 1 199 64 1 2
268 -261 -262 524.762 198 -53 2 75 130 3 1
269 270 277 0 379 -275 0 -442 -199 3 1
270 -267 271 655.204 -129 -176 1 432 2 2 2
271 272 -274 382.338 -320 -89 2 -82 -83 3 2
272 273 -273 605.421 -86 55 3 -223 278 2 1
273 -268 274 -682.468 -455 -87 3 -115 -74 1 1
274 -269 275 -3076.93 159 311 0 -164 -181 3 2
275 276 -272 -1167.22 -158 264 0 -187 42 1 2
276 -270 -271 1827.26 -133 93 0 144 -180 2 2
277 278 279 0 84 222 0 -412 -236 1 1
278 -275 -276 465.465 -55 12 3 374 -318 2 1
279 -277 280 0 -288 -145 1 -486 -193 1 2
280 281 282 0 -13 -227 1 -466 214 3 1
281 -278 -279 560.114 -69 216 1 134 74 2 1
282 -280 283 0 312 -275 0 171 -341 1 2
283 284 285 0 -255 -228 1 -301 -289 3 2
284 -281 -282 -1196.16 61 -82 0 -161 86 0 2
285 286 871 312.799 -471 29 0 -335 -213 1 1
286 287 289 0 -300 216 3 -482 4 0 2
287 288 -285 1347.63 -396 -110 3 86 -217 3 2
288 -283 -284 -1679.98 151 311 1 -121 191 1 2
289 -286 290 0 97 198 2 -420 221 3 2
290 291 292 0 -279 -237 0 -346 -324 1 1
291 -287 -288 -457.894 219 -148 0 -325 -339 2 2
292 293 295 0 319 -337 3 140 -348 2 2
293 -289 294 -3899.22 -310 142 1 -255 -106 3 2
294 -290 -291 455.882 144 -223 0 -104 298 1 2
295 296 300 0 -99 -373 2 16 252 2 2
296 297 298 1423.36 -146 109 1 -30 -387 3 2
297 -292 -293 -435.507 278 357 2 -131 -120 2 1
298 -294 299 23.7278 236 130 1 -73 261 0 2
299 -295 -296 -3143.32 -354 128 1 240 164 1 2
300 -297 301 0 -495 168 0 -475 -175 2 2
301 302 304 0 327 -74 0 -472 147 2 2
302 -298 303 0 226 -113 0 -353 -164 2 2
303 -299 -300 367.627 -268 -87 1 -490 -20 1 1
304 -301 305 0 -180 -266 1 -325 -268 2 1
305 -302 306 0 299 -43 3 -462 193 2 2
306 -303 307 0 -306 -2 2 58 -353 1 2
307 -304 308 0 -299 -205 1 355 232 1 2
308 -305 309 0 -43 -195 1 -442 208 2 2
309 -306 310 0 -193 -137 1 -404 -305 2 1
310 311 324 0 -59 219 1 -441 162 0 2
311 -307 312 0 -281 -175 1 -368 -180 1 2
312 313 -320 1011.22 -151 -3 1 240 308 2 1
313 -308 314 0 263 -254 2 -321 202 1 1
314 -309 315 0 93 -100 3 -265 199 2 2
315 316 323 1264.23 -267 192 1 143 -311 2 2
316 -310 317 1118.86 -1 -43 3 422 -316 1 2
317 318 -317 922 -75 -110 1 296 -107 2 1
318 319 -316 3630.5 -51 -106 2 -91 -259 2 2
319 320 -315 -194.155 154 -274 1 -95 -60 1 1
320 -311 321 724.21 -263 -74 1 466 -118 0 2
321 322 -314 2455.81 40 -20 0 -258 299 2 2
322 -312 -313 -805.194 -436 -186 1 -135 171 0 1
323 -318 -319 -544.577 -481 138 3 -83 116 2 1
324 -321 325 0 253 185 2 179 -335 2 2
325 326 327 0 -387 -26 3 219 -260 2 1
326 -322 -323 0 -327 -205 1 -173 33 2 2
327 -324 328 0 399 -21 2 335 -225 2 1
328 -325 329 0 -497 122 2 -462 -190 3 1
329 330 332 0 187 352 1 -463 25 1 2
330 331 -328 2882.51 -212 -14 1 201 -134 3 2
331 -326 -327 0 23 -210 2 -230 -183 1 2
332 -329 333 0 -140 194 1 -426 203 2 2
333 334 335 0 83 325 1 -421 -231 1 2
334 -330 -331 727.519 -188 -201 1 -380 248 3 2
335 336 338 0 283 389 1 141 -338 2 1
336 -332 337 -10.8205 -165 -236 3 -241 -260 3 2
337 -333 -334 -1791.08 227 -120 2 -48 -69 0 2
338 -335 339 0 -107 227 3 221 -251 3 2
339 340 352 0 -246 31 1 363 -175 1 1
340 -336 341 0 474 -161 3 308 185 1 1
341 -337 342 0 305 -243 1 30 177 0 2
342 -338 343 -3576.03 280 201 0 344 -149 0 2
343 -339 344 -2202.19 -296 106 0 213 95 2 2
344 -340 345 0 -153 117 2 77 164 0 1
345 346 -348 -62.8368 -367 -70 2 318 34 1 1
346 -341 347 528.702 145 -103 2 -124 -270 1 2
347 -342 348 0 395 -122 1 112 -222 3 2
348 -343 349 399.032 251 49 2 -457 147 2 2
349 -344 350 101.228 -128 23 0 -200 245 2 2
350 -345 351 1020.06 -106 -164 3 -304 -302 0 2
351 -346 -347 -518.279 305 -259 2 -41 125 1 1
352 353 355 0 -146 198 2 -122 248 1 2
353 -349 354 0 290 249 2 -145 59 0 1
354 -350 -351 168.21 265 -143 3 -172 -166 0 1
355 -352 356 0 -480 7 3 30 246 1 1
356 357 359 0 -345 37 0 -445 144 1 2
357 -353 358 -2689.08 461 -327 2 -447 -113 2 2
358 -354 -355 2293.98 -117 -9 3 248 262 0 2
359 360 363 0 -484 11 0 -411 206 1 2
360 -356 361 -995.538 -159 -272 1 -433 -10 3 2
361 -357 362 0 -23 -313 0 11 227 1 2
362 -358 -359 743.54 55 222 1 -409 248 1 2
363 364 372 0 21 -166 2 70 -337 1 2
364 -360 365 -348.061 -166 79 3 -383 -30 1 1
365 -361 366 0 174 82 3 -378 -189 0 1
366 -362 367 0 -443 -320 1 -368 36 1 1
367 -363 368 -1221.87 -186 -225 2 -94 -309 1 2
368 369 -368 -109.42 264 -326 3 76 6 2 2
369 -364 370 1736.34 72 -335 2 -446 -58 1 2
370 -365 371 -2347.36 -294 373 2 22 -190 1 2
371 -366 -367 3169.76 46 -105 2 478 -80 2 2
372 -369 373 0 -446 8 1 -408 209 3 1
373 -370 374 0 259 129 2 -362 -352 1 1
374 375 377 0 493 247 1 -426 -224 0 2
375 376 -373 -2220.37 -114 153 2 -413 -7 1 2
376 -371 -372 -305.599 298 -308 1 -68 -174 3 1
377 378 379 0 336 -165 2 51 -342 1 2
378 -374 -375 350.751 -18 9 1 258 89 1 1
379 380 381 0 157 215 2 -445 -186 2 2
380 -376 -377 790.463 -68 -36 2 373 -294 2 1
381 -378 382 0 -274 -253 1 -408 -233 1 2
382 -379 383 0 -489 -192 2 -454 -67 0 1
383 -380 384 0 -497 -274 0 -386 235 3 1
384 385 390 0 -126 -311 2 306 -224 1 2
385 -381 386 490.094 200 43 1 272 360 1 2
386 387 -386 2979.88 -15 -159 2 -66 -231 0 2
387 -382 388 238.071 -3 36 2 -186 -51 0 2
388 389 -385 801.498 -140 -100 0 170 239 2 1
389 -383 -384 -1571.08 433 103 1 -69 58 0 2
390 -387 391 0 129 57 0 -447 74 1 2
391 -388 392 0 -446 57 2 -444 47 1 2
392 393 398 0 -155 -180 2 -390 210 1 1
393 -389 394 -224.539 -85 290 1 105 -116 3 1
394 -390 395 -1796.87 -268 120 1 47 96 0 2
395 -391 396 158.625 -178 131 0 177 -294 1 1
396 397 -394 -139.124 247 -94 2 -126 214 1 1
397 -392 -393 3482.51 -149 -6 2 305 129 0 2
398 399 404 0 -362 138 0 348 197 1 1
399 -395 400 -2892.08 -312 -233 2 163 151 1 2
400 -396 401 242.299 339 -99 3 -100 69 2 2
401 -397 402 0 -382 103 2 242 231 0 1
402 403 -400 -1617.71 -367 -67 2 260 -8 2 2
403 -398 -399 -3213.94 361 -284 1 -1 46 2 2
404 -401 405 0 -389 171 1 231 -244 2 2
405 406 411 0 -475 29 1 -440 82 3 2
406 -402 407 0 368 11 0 -111 -202 2 2
407 -403 408 -711.422 -296 -251 1 -216 29 2 2
408 -404 409 -921.22 497 126 1 -288 -35 2 1
409 410 -407 -514.796 85 -118 1 -2 112 2 2
410 -405 -406 -255.931 -395 100 1 -362 -48 0 1
411 412 413 0 405 -261 1 320 -191 1 1
412 -408 -409 2825.79 291 2 1 161 35 0 2
413 -410 414 0 380 335 0 338 215 1 2
414 -411 415 0 481 -95 3 324 225 2 1
415 416 420 0 168 -83 0 348 -27 3 2
416 -412 417 -601.595 459 -157 0 -107 -38 0 1
417 -413 418 -747.339 -243 301 2 276 -121 2 1
418 419 -416 126.571 96 -150 3 411 -263 2 2
419 -414 -415 -128.276 -111 78 1 284 53 2 1
420 -417 421 0 450 -1 1 -137 245 2 1
421 -418 422 0 302 -177 0 -366 240 1 2
422 423 427 0 322 61 2 355 117 2 1
423 424 -423 3559.33 323 -161 2 -467 201 0 2
424 -419 425 1108.82 -108 -2 2 -16 -203 2 2
425 426 -422 1295.52 363 -103 3 46 -284 2 2
426 -420 -421 -741.346 -374 69 3 -74 16 2 2
427 -424 428 0 -461 26 2 357 -156 0 2
428 429 430 0 379 87 2 355 -154 2 2
429 -425 -426 -396.084 62 -237 3 313 -69 2 1
430 431 434 -3709.75 -162 -282 2 228 -195 2 2
431 -427 432 3307.45 134 -65 1 -232 181 0 2
432 -428 433 909.617 94 -134 1 313 322 2 1
433 -429 -430 1628.99 -113 72 2 -295 -46 3 2
434 -431 435 0 259 138 3 362 119 2 1
435 436 437 0 -317 187 2 240 241 2 2
436 -432 -433 2513.97 -3 -73 1 -385 204 1 2
437 438 439 0 273 61 1 -410 -224 2 1
438 -434 -435 700.527 -260 -141 2 230 22 2 2
439 -436 440 0 -179 -365 3 362 191 1 1
440 -437 441 0 219 -104 1 -14 -352 2 1
441 442 443 0 -354 -118 2 362 -108 1 2
442 -438 -439 552.415 28 -64 1 -361 -231 3 1
443 444 445 0 311 233 3 301 -221 1 1
444 -440 -441 1182.55 -146 -54 2 -420 232 2 2
445 446 855 3088.52 298 -130 1 -464 6 3 2
446 -442 447 0 -195 315 3 -435 -207 2 1
447 448 450 0 -136 -302 0 -317 -327 2 2
448 -443 449 0 214 -187 3 -385 -239 2 2
449 -444 -445 496.968 -175 43 0 25 -94 2 2
450 451 459 0 347 272 2 274 -196 1 1
451 452 -454 1502.2 286 -205 3 241 -134 3 2
452 453 454 0 -476 -98 2 175 167 3 1
453 -446 -447 -903 102 270 1 -131 -187 2 1
454 455 458 926.256 75 -135 1 -18 -307 0 1
455 456 457 402.837 282 -225 1 -459 -321 3 1
456 -448 -449 0 35 297 2 65 -229 0 1
457 -450 -451 -153.096 -342 -104 0 292 42 1 2
458 -452 -453 -1669.79 -474 132 3 -218 -84 1 2
459 460 853 860.97 -323 -31 2 -109 -59 0 1
460 461 466 0 58 -266 1 -360 -292 2 2
461 -455 462 -1806.79 186 201 3 -377 -15 0 2
462 463 -460 89.4437 -213 98 0 147 348 1 1
463 464 -459 -451.751 -208 -222 2 -61 -57 0 2
464 -456 465 0 -376 -327 2 32 87 3 1
465 -457 -458 2256.24 -384 -49 1 -292 183 2 2
466 -461 467 0 -276 -357 2 268 234 2 1
467 468 469 0 -270 -309 2 175 -312 2 2
468 -462 -463 -730.864 201 317 0 191 -46 2 1
469 -464 470 0 84 -361 2 182 -323 1 2
470 471 472 0 -156 241 1 274 230 2 2
471 -465 -466 -341.303 -131 -224 1 55 -75 1 1
472 -467 473 0 279 -65 3 -351 -342 2 2
473 474 838 -68.7443 -94 253 2 -90 -83 1 2
474 -468 475 0 196 171 2 -266 242 1 2
475 -469 476 0 329 208 0 187 -318 0 1
476 -470 477 0 -43 138 2 358 -42 0 2
477 -471 478 0 224 167 1 -390 -328 1 1
478 -472 479 0 230 63 2 -375 235 3 1
479 480 481 0 -71 -295 2 -344 -306 0 2
480 -473 -474 515.301 -230 -327 1 4 115 0 1
481 -475 482 0 292 -283 1 179 -316 3 1
482 483 835 2962.74 311 -122 1 291 -216 1 2
483 484 486 -2003.86 -74 -287 2 313 165 3 2
484 485 -478 0 -206 324 2 30 -145 3 2
485 -476 -477 0 -487 -91 0 13 190 0 2
486 487 488 0 -478 226 1 350 18 1 2
487 -479 -480 880.212 240 51 1 361 245 0 2
488 489 490 0 -434 266 2 202 -294 1 1
489 -481 -482 0 100 -342 0 34 -301 0 1
490 491 500 0 -279 320 0 328 -170 1 1
491 -483 492 314.608 230 -113 0 188 -316 3 1
492 493 498 -133 -217 -197 1 125 -90 2 1
493 -484 494 198.067 173 -62 0 24 190 2 1
494 495 -489 3027.66 -7 17 2 20 -206 3 2
495 -485 496 -694.472 -184 -145 3 -135 -99 3 1
496 497 -488 -1522.46 367 -30 2 310 -78 1 2
497 -486 -487 -1952.86 -422 85 3 -113 116 3 2
498 499 -492 -474.187 -57 -253 1 144 -85 2 2
499 -490 -491 879.75 -20 -120 3 323 -180 2 2
500 501 503 0 107 -193 3 -151 -337 1 2
501 -493 502 0 -375 232 0 80 -289 1 2
502 -494 -495 -729.736 341 276 1 -114 8 0 1
503 -496 504 0 -275 -319 2 -336 -326 0 2
504 -497 505 0 -103 330 1 162 -330 3 2
505 506 507 0 417 157 1 298 222 1 2
506 -498 -499 -115.029 -309 24 2 -188 -65 1 1
507 508 509 0 191 -313 0 247 -218 2 2
508 -500 -501 529.715 72 74 0 267 65 1 1
509 510 518 -3105.45 453 -123 1 289 -65 2 2
510 511 -510 803.845 226 151 0 -490 26 1 1
511 -502 512 -2985.03 -266 223 1 -148 -176 1 2
512 -503 513 0 304 195 1 -3 -174 2 2
513 514 -509 2065.77 -156 108 0 -132 -175 2 2
514 515 -508 932.996 186 -167 3 186 207 2 1
515 -504 516 -3949.32 259 -345 3 -108 -33 3 2
516 517 -507 2153.56 -65 -158 3 -46 200 1 2
517 -505 -506 -3579.09 -63 -262 1 -56 -157 2 2
518 519 532 0 -426 17 1 -412 171 3 1
519 520 -524 26.272 -249 -74 2 -125 -126 2 1
520 -511 521 0 374 12 3 -304 -185 2 1
521 522 523 0 -488 -232 0 -281 -168 0 2
522 -512 -513 -527.544 438 302 0 82 23 2 2
523 -514 524 -3143.01 307 192 1 2 -113 1 2
524 525 -523 743.693 -344 -120 3 151 81 3 1
525 526 -522 825.49 -26 23 1 292 201 2 1
526 527 -521 470.26 -75 111 0 -417 67 2 1
527 528 -520 -654.293 192 148 3 -386 22 2 2
528 -515 529 -3383.35 202 75 3 -190 -39 2 2
529 -516 530 -961.685 281 -304 3 -303 -3 3 1
530 -517 531 2309.84 -312 74 3 454 307 1 2
531 -518 -519 -91.8343 0 205 2 -423 -10 1 1
532 -525 533 0 -386 -130 1 -435 146 0 2
533 -526 534 0 236 -21 1 254 229 3 2
534 535 536 0 -139 203 1 310 -195 2 2
535 -527 -528 -662.377 351 159 2 258 -187 2 1
536 537 542 0 -248 263 0 -379 -298 2 2
537 -529 538 0 -371 -218 1 -116 -289 2 1
538 539 -534 -564.133 295 165 0 -260 -108 1 2
539 540 -533 -89.8398 -366 66 0 -130 -51 1 2
540 541 -532 -897.38 7 276 2 -220 -189 0 1
541 -530 -531 1224.44 -341 -19 1 10 -20 3 2
542 -535 543 0 138 -280 1 339 -141 1 1
543 544 549 0 300 170 3 299 206 2 2
544 -536 545 -19.3072 -492 -74 2 342 -89 1 2
545 546 548 -326.029 3 -233 2 -176 73 0 1
546 -537 547 -742.415 128 285 1 -21 32 2 1
547 -538 -539 1070.64 -153 -63 1 449 -218 2 2
548 -540 -541 1004.87 93 -72 0 424 -136 1 2
549 -542 550 0 -263 -221 1 184 -308 1 1
550 551 552 0 54 188 1 238 229 1 2
551 -543 -544 0 -201 -125 2 255 21 2 2
552 553 556 0 -317 246 3 341 185 1 2
553 554 -548 -86.4382 -199 26 2 247 101 1 1
554 555 -547 -1232.72 170 83 2 249 -119 3 2
555 -545 -546 -1336.91 87 -303 1 -110 27 1 2
556 -549 557 0 -376 99 0 -367 -322 2 2
557 -550 558 0 -251 -165 1 -390 -282 2 1
558 559 563 0 -448 -324 2 216 236 1 1
559 560 561 0 44 -354 3 239 161 1 1
560 -551 -552 3543.73 119 69 3 -65 -241 1 2
561 562 -555 -382.32 -343 301 2 223 -11 3 1
562 -553 -554 1636.75 230 -127 3 -340 369 2 2
563 564 565 0 -415 153 1 -372 -301 2 1
564 -556 -557 -146.797 -37 256 1 -308 61 2 2
565 566 567 0 392 216 2 -429 -216 3 1
566 -558 -559 583.114 -403 1 3 -49 -317 1 1
567 568 569 0 206 -185 2 -409 -197 1 2
568 -560 -561 2725.78 -407 -97 3 -480 -273 3 2
569 570 -828 3745.95 -122 148 3 414 108 2 2
570 -562 571 0 -210 -290 1 197 -289 1 1
571 572 576 0 -457 -48 3 -322 -330 2 1
572 573 575 0 362 -50 1 118 -299 3 2
573 574 -565 -2624.24 187 212 2 144 -151 3 2
574 -563 -564 199.099 -316 -136 2 494 87 2 1
575 -566 -567 -2293.3 -238 294 0 -210 -279 1 2
576 -568 577 0 2 228 0 -403 -260 1 1
577 -569 578 -702.299 -104 -187 1 315 55 0 1
578 579 832 733.409 302 -126 1 -270 107 1 1
579 580 581 0 494 231 1 -399 -269 0 1
580 -570 -571 4080 -72 -223 1 -340 94 1 2
581 582 590 0 -370 40 1 -344 -293 1 1
582 -572 583 0 108 203 1 -81 83 1 1
583 584 589 0 170 119 0 -159 57 1 2
584 -573 585 0 -452 -191 1 -382 -267 1 2
585 -574 586 0 -323 297 1 -374 65 3 1
586 587 -578 -256.655 -16 115 1 -164 -141 2 2
587 588 -577 -1905.79 -434 195 1 47 -82 2 2
588 -575 -576 2254.93 39 -112 3 -454 -105 0 2
589 -579 -580 -2275.06 -275 135 3 -67 -59 0 2
590 591 605 0 440 229 2 -428 -85 0 2
591 592 604 159.228 -201 92 3 -102 -156 0 1
592 -581 593 -817.992 -219 140 0 -331 185 2 2
593 594 595 -973.71 -62 183 0 -144 -59 1 1
594 -582 -583 -331.208 487 -29 3 -434 -158 2 2
595 -584 596 -917.225 200 248 3 20 -27 1 1
596 -585 597 40.4339 -99 18 2 -370 190 1 1
597 598 -593 -1520.21 -358 -204 1 -277 -13 3 2
598 -586 599 -311.064 -374 148 1 -171 158 2 1
599 600 -592 830.255 -90 -153 1 186 -128 1 1
600 601 -591 2114.37 -189 58 1 -249 241 2 2
601 -587 602 -3888.39 81 276 2 -264 2 1 2
602 603 -590 1568.85 -159 123 2 230 -199 2 2
603 -588 -589 950.647 -397 -75 3 -395 -223 1 2
604 -594 -595 -2165.7 -422 168 1 -51 -120 1 2
605 606 607 0 -320 179 2 -363 232 1 1
606 -596 -597 730.271 55 5 0 169 101 2 1
607 608 610 0 -216 216 3 260 -214 2 1
608 609 -600 -343.648 -278 -196 1 0 -197 0 1
609 -598 -599 -3724.96 85 182 1 109 -151 3 2
610 -601 611 0 -202 -16 0 -328 234 1 1
611 612 613 0 77 -367 2 -394 201 1 1
612 -602 -603 166.469 -272 -36 2 -174 -98 1 2
613 614 615 0 392 -8 1 264 -210 3 2
614 -604 -605 880.659 -19 -176 1 464 323 1 2
615 616 625 0 42 212 2 -413 -167 1 1
616 -606 617 -1366.59 -82 116 1 -386 -71 2 2
617 -607 618 684.282 -184 -87 1 267 -169 2 2
618 -608 619 -427.324 226 -74 1 72 156 2 1
619 -609 620 223.756 -163 -140 0 285 -56 2 1
620 621 -615 -276.784 -51 -218 2 -63 -95 2 1
621 622 -614 -513.916 -496 -122 0 -162 -176 0 2
622 623 -613 -143.373 -449 -329 1 11 53 1 1
623 -610 624 -1519.63 -115 278 1 -388 96 2 2
624 -611 -612 -864.552 -178 200 2 -190 17 0 2
625 626 627 0 -221 -234 2 142 -293 2 1
626 -616 -617 0 -355 -22 1 181 -74 2 2
627 -618 628 0 -301 -141 2 -316 238 3 1
628 629 630 0 314 258 0 197 -296 3 2
629 -619 -620 1020 -27 -304 3 236 -132 2 1
630 631 632 0 468 223 2 154 -324 1 2
631 -621 -622 248.167 -326 -58 2 -126 -195 3 2
632 633 634 0 429 -82 0 5 -334 0 1
633 -623 -624 0 274 128 2 -300 -223 3 1
634 635 829 246.083 320 -167 2 -155 28 1 2
635 636 637 0 184 273 0 -356 233 2 1
636 -625 -626 670.939 -79 128 3 136 51 1 2
637 -627 638 0 175 -345 1 170 -307 2 2
638 -628 639 0 459 -30 1 -113 240 2 1
639 640 642 0 -123 -285 2 269 -197 2 2
640 -629 641 57.2541 10 -13 1 56 -220 0 1
641 -630 -631 275.34 -191 -168 2 -276 -198 2 1
642 643 646 0 -192 -281 0 -8 -303 1 2
643 -632 644 0 199 385 1 122 67 2 2
644 645 -635 0 244 127 2 101 -234 3 1
645 -633 -634 880.429 -289 -168 2 -113 229 1 2
646 -636 647 0 -391 67 1 287 218 2 1
647 -637 648 0 233 172 0 -424 145 0 2
648 -638 649 0 -487 -361 0 -324 -327 0 2
649 -639 650 0 -372 -125 1 -413 50 3 1
650 -640 651 0 354 231 3 151 -317 2 1
651 652 654 0 276 -20 2 132 -313 3 1
652 -641 653 0 121 -370 2 148 -122 2 2
653 -642 -643 0 305 -316 2 102 77 2 2
654 655 656 0 222 -297 0 254 231 2 2
655 -644 -645 -490.599 -140 -19 2 -109 -15 0 1
656 -646 657 0 338 78 1 -285 238 2 1
657 658 665 0 -249 -302 0 310 96 0 2
658 -647 659 -2511.08 -23 325 3 89 157 2 2
659 -648 660 -741.875 -72 101 1 -113 8 1 1
660 661 662 -1616.77 300 -72 1 159 -109 3 2
661 -649 -650 2699.21 -171 -135 1 479 -117 2 2
662 -651 663 2448.45 149 194 2 449 32 0 2
663 664 -654 1268.05 101 129 2 -218 137 2 2
664 -652 -653 546.731 215 -52 2 416 -43 1 1
665 666 667 0 201 -256 1 -322 -316 1 2
666 -655 -656 201.239 67 -208 1 245 -333 1 1
667 -657 668 0 376 -123 1 -400 -238 2 1
668 -658 669 0 -306 187 3 -381 223 3 2
669 670 671 0 -431 38 0 126 -316 0 1
670 -659 -660 -3674.04 -340 -337 2 35 -57 0 2
671 -661 672 0 -451 -234 1 -414 -90 1 1
672 -662 673 0 377 -107 0 94 -329 2 2
673 -663 674 0 114 -205 1 280 222 1 1
674 -664 675 0 344 119 2 182 -296 1 2
675 676 677 0 431 116 1 114 -316 0 2
676 -665 -666 0 88 -344 1 -281 -251 0 1
677 678 691 0 -51 282 1 -266 -291 3 1
678 -667 679 0 -87 270 0 191 -218 1 2
679 -668 680 0 299 275 1 182 -51 3 2
680 681 -680 328.544 -64 -320 2 -222 49 3 1
681 682 -679 891.456 -81 39 2 -162 -335 1 1
682 -669 683 0 345 -336 2 177 -56 2 1
683 684 -678 875.719 94 -62 0 -122 346 0 1
684 -670 685 -119.908 397 207 3 172 -211 2 1
685 686 -677 -72.1499 26 -144 2 -167 -257 1 2
686 687 690 -811.777 130 -299 3 -296 -181 1 2
687 -671 688 0 393 -211 2 166 -163 3 1
688 -672 689 174.619 -25 -33 2 133 -383 1 1
689 -673 -674 0 -88 171 1 81 -324 3 2
690 -675 -676 0 226 32 3 -336 -295 1 1
691 692 717 0 153 -182 3 163 -252 0 2
692 693 -706 813.007 177 113 2 74 -6 2 2
693 -681 694 0 200 282 1 110 -295 1 2
694 695 696 0 -313 119 2 211 -85 1 1
695 -682 -683 2861.62 61 -8 2 -37 -339 3 2
696 697 -705 2046.99 51 -151 2 250 -153 1 2
697 698 -704 678.509 -179 84 2 -270 28 0 1
698 699 -703 580.608 93 -209 1 168 -145 1 1
699 -684 700 -1233.73 190 -86 1 125 98 3 2
700 -685 701 0 286 182 1 205 131 0 2
701 702 716 2482.28 100 -36 1 176 -99 2 2
702 703 -700 -73.9016 -104 -10 1 44 -58 1 1
703 -686 704 0 383 -183 3 -125 -286 2 1
704 -687 705 -2490.13 -382 -79 1 -150 -241 0 2
705 -688 706 0 279 -185 1 201 137 3 2
706 707 -699 2212.33 -17 -174 2 337 362 1 2
707 708 -698 1861.41 -54 -280 1 196 -287 1 2
708 709 -697 1528.72 -216 -102 2 47 -267 0 2
709 -689 710 0 -347 119 0 -229 -53 2 2
710 711 -696 -1793.03 83 -342 3 129 -31 1 2
711 712 -695 3259.65 -32 -118 0 -213 341 3 2
712 713 -694 -1499.54 -325 258 2 109 -259 1 2
713 714 -693 -580.972 -392 101 2 -79 77 0 2
714 715 -692 276.483 -164 -80 1 -84 81 2 1
715 -690 -691 -21 113 -397 1 -92 49 2 1
716 -701 -702 902.537 113 54 1 -316 -374 2 2
717 -707 718 0 -394 -329 1 -103 -297 1 1
718 719 726 -844.34 138 -196 0 -33 -248 2 1
719 -708 720 -746.271 -403 -18 2 -396 92 2 2
720 721 -715 -75.7455 371 259 1 -287 -62 3 1
721 722 -714 3908.44 -285 -50 2 402 -188 1 2
722 -709 723 0 446 -185 1 -394 -277 0 1
723 -710 724 -727.306 -186 72 1 -246 87 3 1
724 -711 725 1019.46 -352 -167 2 -403 -214 3 1
725 -712 -713 -647.866 -439 259 0 53 83 1 1
726 727 728 0 362 153 1 -409 169 2 1
727 -716 -717 -1487.73 -458 -322 3 -152 15 0 2
728 -718 729 0 498 7 1 -207 238 3 1
729 -719 730 0 491 65 3 271 224 0 2
730 -720 731 0 108 -238 3 304 199 0 1
731 -721 732 0 255 -41 1 -163 239 2 2
732 733 754 0 -188 315 0 252 195 0 2
733 -722 734 0 -457 -155 1 76 -198 1 1
734 735 -743 2318.08 230 -187 1 308 -156 1 2
735 -723 736 0 -272 252 0 57 -187 0 2
736 -724 737 0 -383 105 3 55 -177 3 1
737 -725 738 -3719.17 -103 -258 0 12 -156 3 2
738 739 -742 1481.47 -198 205 1 -69 17 2 2
739 -726 740 0 -233 -278 0 -158 225 1 1
740 741 -741 3445.3 -141 -72 1 -388 -275 1 2
741 742 -740 2479.4 287 87 3 149 -130 3 2
742 -727 743 0 331 -271 2 191 228 2 2
743 744 745 -611.604 19 257 1 -129 185 0 1
744 -728 -729 1643.3 239 -111 2 36 155 0 2
745 -730 746 -1857.01 -342 -153 3 -97 160 0 2
746 747 -739 3518.55 4 -55 3 277 -24 2 2
747 748 749 -3642.83 -449 237 0 238 -135 2 2
748 -731 -732 3174.31 -104 0 0 388 96 3 2
749 750 -738 268.718 -28 -71 1 -30 -102 2 1
750 -733 751 -446.66 410 -183 3 -58 173 0 1
751 -734 752 0 274 -295 2 -201 223 3 1
752 -735 753 3633.05 118 -81 2 434 -25 2 2
753 -736 -737 420.714 268 11 1 -390 326 1 2
754 755 757 0 99 -219 0 -377 -283 2 1
755 756 -746 -1582.13 -145 100 0 -96 -123 0 2
756 -744 -745 0 -40 263 1 -387 -163 3 2
757 758 761 0 215 302 3 302 -189 0 2
758 759 -750 398.223 32 68 0 -258 340 0 1
759 760 -749 -1290.23 462 228 2 82 56 1 2
760 -747 -748 -391.063 385 328 3 -121 135 3 1
761 -751 762 0 36 196 2 -411 -168 0 1
762 763 776 0 91 -316 3 -397 159 2 1
763 -752 764 -3980.41 -254 -294 2 -219 39 1 2
764 -753 765 -43.1634 -2 35 0 -382 -181 1 1
765 766 -765 3508.05 -32 -164 2 -187 310 3 2
766 -754 767 -350.53 -365 70 3 -141 25 1 1
767 -755 768 -815.657 355 -2 2 -97 -94 1 1
768 769 770 261.909 -117 -57 1 490 -321 0 1
769 -756 -757 201.01 -235 -138 1 301 -73 3 1
770 771 -764 -177.859 380 189 1 -318 73 0 1
771 -758 772 0 -269 245 0 -312 191 1 1
772 773 -763 134.051 -312 139 1 -151 -40 2 1
773 -759 774 -2388.5 430 99 3 -127 167 2 2
774 775 -762 -289.964 276 328 0 -224 -36 2 1
775 -760 -761 -757.222 494 -79 0 -172 113 0 2
776 777 778 0 183 281 2 -409 55 3 1
777 -766 -767 1895.93 -216 -150 1 446 -247 0 2
778 779 784 0 483 174 0 -406 79 3 2
779 -768 780 0 -471 82 2 -139 -215 3 1
780 781 -773 554.724 -14 137 1 129 -120 3 1
781 782 -772 511.741 -370 60 2 441 -283 2 1
782 783 -771 -134.286 345 152 0 -115 16 1 1
783 -769 -770 -2928.01 480 240 1 -321 -159 2 2
784 785 793 0 -410 51 2 299 83 0 1
785 786 787 0 -134 324 2 144 190 2 2
786 -774 -775 -180.549 328 -261 3 291 86 1 1
787 788 792 -939.223 326 -44 1 -18 59 1 2
788 -776 789 -3697.87 -495 101 0 -172 -22 2 2
789 790 -780 1883.23 225 172 1 35 266 0 2
790 -777 791 1294.93 -125 -78 1 358 -293 2 2
791 -778 -779 0 4 323 0 204 189 3 2
792 -781 -782 -493.996 -240 -173 0 -166 97 2 1
793 794 802 0 -11 -188 0 -390 147 1 2
794 -783 795 -807.129 294 -316 2 9 -100 1 1
795 796 797 -3132.76 263 -308 1 -245 -98 3 2
796 -784 -785 -609.401 434 -19 1 -130 -94 3 1
797 -786 798 -1197.13 301 -141 1 -399 -138 3 2
798 -787 799 -561.257 -266 -177 1 -121 92 1 1
799 -788 800 182.443 -110 84 2 41 -322 0 1
800 -789 801 -240 265 37 3 -288 -62 2 1
801 -790 -791 -1898.19 -378 -187 2 -114 91 1 2
802 803 804 0 -132 235 2 -393 -256 1 1
803 -792 -793 240.872 -125 124 0 334 -116 2 1
804 805 806 0 -453 267 0 -382 -258 1 1
805 -794 -795 603.756 -115 50 2 81 -81 1 2
806 807 808 0 290 -88 3 -375 -271 1 2
807 -796 -797 420.734 -134 -281 1 -394 248 2 2
808 -798 809 -2860.79 -386 -211 3 -359 -27 1 2
809 810 812 0 296 -318 1 -403 -76 3 2
810 811 -801 0 39 225 1 -333 -209 3 1
811 -799 -800 -537.882 113 -83 1 41 -168 3 1
812 813 826 2168.19 261 -38 0 23 -245 3 2
813 814 815 0 442 164 2 -369 -262 2 1
814 -802 -803 -2499.21 113 -71 2 -34 -39 0 2
815 -804 816 0 420 129 1 -364 -280 2 2
816 -805 817 0 -402 168 0 -359 -285 3 2
817 818 821 0 -103 191 1 227 225 2 2
818 -806 819 -2545.4 115 285 1 97 -86 2 2
819 -807 820 127.201 -69 43 2 330 106 2 1
820 -808 -809 -861.326 -198 -276 3 13 9 1 1
821 822 -815 4080 74 36 0 -491 -279 2 2
822 -810 823 0 -165 -248 2 -291 -285 2 2
823 -811 824 0 -204 200 2 177 -285 2 1
824 825 -814 0 136 -69 2 -390 147 1 2
825 -812 -813 -3441.35 254 144 0 -86 22 2 2
826 -816 827 3748.41 51 -116 3 -397 134 2 2
827 -817 828 1177.45 263 10 1 281 -42 3 2
828 -818 -819 3663.97 -20 -21 3 -93 -267 2 2
829 -820 830 1541.16 -78 -33 3 65 -263 0 2
830 831 -823 -1540.94 438 -150 0 253 66 0 2
831 -821 -822 1785.24 -129 -72 2 -129 -192 1 2
832 -824 833 0 -199 111 1 218 190 1 2
833 834 -827 -971.916 -60 -80 3 7 -120 2 2
834 -825 -826 -914.177 15 209 3 261 -8 1 1
835 -829 836 -369.381 -338 -320 1 148 185 1 2
836 -830 837 -1136.23 -58 -188 1 99 171 1 2
837 -831 -832 752.197 283 -1 1 412 20 1 1
838 839 -848 1447.16 -70 120 1 206 271 0 2
839 -833 840 0 -273 221 1 114 143 3 1
840 841 -847 2155.58 -34 30 3 91 -376 1 2
841 -834 842 -1750.42 -53 -89 1 -214 -126 2 2
842 843 -846 567.829 -201 77 2 226 72 0 1
843 -835 844 -725.138 -66 -303 2 -19 85 1 1
844 845 -845 -229.23 382 240 1 -84 16 1 2
845 846 -844 2873.63 -94 13 2 318 89 3 2
846 -836 847 379.849 -228 89 3 -16 -365 1 2
847 -837 848 0 115 180 1 -284 -33 2 2
848 -838 849 0 -358 -124 1 -11 133 2 2
849 850 -843 -1762.75 291 -130 2 -217 -185 3 2
850 -839 851 -492.227 368 -391 2 -248 -256 2 1
851 -840 852 -653.046 363 -330 2 -71 -291 0 2
852 -841 -842 161.68 -8 100 1 204 25 2 1
853 -849 854 -1599.4 -6 -162 1 -319 35 2 2
854 -850 -851 1850.7 -255 103 2 -385 -92 1 2
855 -852 856 0 71 246 2 335 209 1 2
856 857 869 3606.24 4 -178 3 214 -313 3 2
857 -853 858 -908.418 -235 -228 3 24 -149 0 1
858 -854 859 -3321.87 478 95 2 266 5 3 2
859 860 868 893.188 -103 -114 2 -427 40 2 1
860 -855 861 0 14 -187 2 -151 222 3 2
861 -856 862 22.5983 89 70 3 408 350 2 1
862 -857 863 -3514.56 -150 -255 2 188 -51 0 2
863 864 -863 949.423 178 -181 1 -426 174 1 1
864 -858 865 0 452 74 0 -22 210 2 2
865 -859 866 -3753.95 385 -323 2 222 -113 3 2
866 -860 867 -211.844 -19 -80 1 201 -92 1 2
867 -861 -862 2607.4 0 135 1 -491 -53 0 2
868 -864 -865 -3467.26 -177 -317 2 -15 -67 1 2
869 870 -868 728.213 309 -176 0 -262 152 3 1
870 -866 -867 -3493.33 430 -314 2 284 -103 0 2
871 -869 872 -2039.23 -240 -172 3 -56 103 0 2
872 -870 -871 0 -495 286 1 -182 -192 2 1
873 -872 874 -3152.82 448 234 3 -179 -88 3 2
874 875 877 1733.24 -462 228 2 106 220 2 2
875 876 -875 1737.93 -424 172 2 181 -310 1 2
876 -873 -874 922.366 -103 -95 1 -395 42 0 2
877 -876 -877 562.865 -221 -72 3 -278 -157 2 2
878 -878 -879 1020 9 -162 3 230 -159 0 1
880
0 98.5 124.5 
1 99.9 133.2 
2 103.381 152.552 
3 101.357 141.286 
4 69.1923 152.908 
5 58 148.3 
6 86.5 153 
7 18.7857 100.571 
8 243.5 -26.5 
9 58.0455 -94.8182 
10 68.8861 -85.7723 
11 59.8636 -90.8182 
12 -104 51.5 
13 -95.3333 49.8333 
14 -136.333 51.7667 
15 -110.579 53.5526 
16 -121.873 54.3909 
17 76.0806 121.258 
18 76.7453 135.113 
19 59.8077 135.615 
20 19.5 90.4545 
21 10.3254 85.6984 
22 -120 44.5 
23 -130 44.5 
24 -141 44.5 
25 158 -74 
26 153.022 -66.4111 
27 146.909 -58.2727 
28 52.5 141 
29 188.706 64.8824 
30 177 66 
31 200.909 63.7273 
32 -155.818 -162.955 
33 -158.815 -155.204 
34 147.9 -68 
35 137.3 -86.8 
36 137.227 -76.6136 
37 143.1 -70.6 
38 142.333 -82.5 
39 165.929 -65.8571 
40 -174.079 79.2632 
41 -39 71.6667 
42 -16.2037 61.1481 
43 -63.7308 -130.231 
44 -229.5 82 
45 -229.5 72 
46 -229.5 -50 
47 238.857 33.2857 
48 31.4123 -100.123 
49 33.5 121 
50 166 68 
51 156 68 
52 -162.545 -146.318 
53 -163.891 -134.373 
54 -232.1 30 
55 -230.313 38.5625 
56 -230.5 51 
57 -230.667 61.8333 
58 -150.4 -164.5 
59 -143.556 -164.5 
60 -141.333 -174.167 
61 -187.115 -151.462 
62 90.6429 138.143 
63 -9.40909 69.5455 
64 -16.925 58.8 
65 -165.333 -147.833 
66 -176.5 -148 
67 -188.5 -148 
68 77.5317 81.6032 
69 75.5 69 
70 61.8704 130.778 
71 45.6818 121.727 
72 45.375 130.625 
73 64.4565 123.783 
74 39.6905 125.095 
75 90.1154 130.231 
76 90.5 126 
77 -133 -174.7 
78 -122.706 -175.382 
79 -111 -175.5 
80 -91 -175.5 
81 -100 -175.5 
82 239.25 26.25 
83 -133 -167.5 
84 -60.7273 -175.682 
85 -67.6 -175.3 
86 -63.0541 -158.635 
87 -54.2 -158.9 
88 -66.7143 -168.643 
89 -165.412 -93.7353 
90 -167.538 -106.346 
91 -167.647 -118.971 
92 -110 -171.5 
93 -82.9231 -175.192 
94 -74.8 -174.7 
95 90.5 121 
96 -4.35714 74.7143 
97 -4.5 58 
98 -4.5 66 
99 152.889 64.8889 
100 143.231 65.3077 
101 166 64 
102 -93.4762 45.4524 
103 -110 45.5 
104 92.8333 111 
105 -79.1765 -163.029 
106 2.5 75 
107 2.26923 66.6923 
108 2.7 59.8 
109 -70.6316 -147.605 
110 -61.6 -145.3 
111 87.5 -77 
112 242.435 12.4348 
113 242.1 -18.1 
114 242.5 -6.5 
115 210.167 58.1667 
116 210.2 51.4 
117 217.5 52.1 
118 134.088 -69.9412 
119 230.8 -25.2 
120 220.9 -24.1 
121 204.909 -21.8712 
122 180.269 10.3077 
123 188.7 8.2 
124 170.259 14.5517 
125 -59.95 -134.15 
126 10.5 -109 
127 245.5 42.5 
128 245.5 32.5 
129 -213.5 -52 
130 54.3462 117 
131 46.2826 112.13 
132 36.5 112 
133 28.5 112 
134 60.5 114 
135 238.5 39.5 
136 -237.333 9.33333 
137 -226 8.4 
138 81.7353 92.5294 
139 29.5 104 
140 37.5 104 
141 33.2778 92.4074 
142 85.5 114 
143 74.5 114 
144 182.5 -43.1667 
145 184.5 -37.5 
146 187.378 -27.4878 
147 -219.974 -38.5789 
148 -231.5 -37 
149 226.8 28.28 
150 230.345 13.7816 
151 227.786 38.7143 
152 -93.9 -169.2 
153 -109.467 -168.567 
154 119.816 -71.5263 
155 96.6111 -73.3333 
156 107.786 -73.1429 
157 86.5 108 
158 78.5 108 
159 68.5 108 
160 47.8636 106.273 
161 57.5 108 
162 85.3 97.6 
163 56.0116 97.6512 
164 11.2143 76.1429 
165 24.125 75.25 
166 9.5 71 
167 7.16667 59.6667 
168 73.2778 -75.5556 
169 226.5 -15.5 
170 212.136 -15.7727 
171 204.5 -16.1 
172 82.1667 100.333 
173 59.2822 91.8515 
174 73.1 99.8 
175 60.9 102.4 
176 -114.727 -163.682 
177 -124.581 -165.177 
178 40.9286 72.2857 
179 57.3182 72.2727 
180 49.3182 73.7273 
181 68.3 79.2 
182 66.2273 72.8182 
183 8.66667 53.8333 
184 -9.95455 52.3636 
185 12.9545 63.9091 
186 -106 -164.5 
187 -94 -164.5 
188 220.906 -17.4688 
189 -209.5 -42 
190 60.5 81 
191 37.2778 78.5556 
192 51.1364 80.6364 
193 45.1 80.2 
194 58.3 76.2 
195 -195.5 -42 
196 -197.378 -52.1463 
197 -202.5 -42.4 
198 47.5 -87 
199 209.8 22 
200 216.909 23.3636 
201 214.286 15.1714 
202 205.5 -5.25 
203 217.934 2.55556 
204 217.5 -12 
205 228.2 -0.8 
206 221.04 -4.2 
207 230.64 30.064 
208 224.6 40.2 
209 209.633 36.2 
210 188.5 41.5 
211 188.4 33 
212 171.165 36.038 
213 195.429 38.4286 
214 144.5 36.8333 
215 225 40.5 
216 217.474 39.6316 
217 -92 -159.5 
218 21.9615 63.8462 
219 121.214 -49.0714 
220 110.833 -48.1667 
221 176 -44 
222 169.227 -45.2273 
223 149.199 -47.9795 
224 -37.4474 60 
225 216.859 24.3438 
226 221.5 37.2143 
227 -227.5 -30 
228 -148 -158.5 
229 201 60 
230 20.5 58 
231 216.34 37.42 
232 -181.5 -58 
233 36.0263 66.7895 
234 88 -56.6522 
235 208.917 41.25 
236 208.653 29.0417 
237 -223.667 -24.3333 
238 -214.875 -25.375 
239 -216.875 -10 
240 -227.342 -9.89474 
241 -231.357 -23.1429 
242 -233.1 -9.8 
243 177 -35 
244 194.909 -17 
245 185.594 -23.3308 
246 99.5 -49.8947 
247 -210.048 -33.4194 
248 78.5208 -61.5833 
249 158.619 4.50371 
250 58.0556 -73.8889 
251 49.1522 -75.2609 
252 56.5 69 
253 -233.591 21.4545 
254 -234.885 10 
255 -233.5 0 
256 12.4231 -99.4615 
257 15.6176 -86.8235 
258 26.5 -91 
259 45.18 -69.72 
260 14.2619 -67.1905 
261 26.9312 -71.0367 
262 26.5 -86 
263 17.6333 -77.6667 
264 38.5909 -67.5455 
265 36.9286 -79.1429 
266 36.5 -89 
267 -185.417 -53.0833 
268 -186.94 -25.14 
269 -211.786 -20.7143 
270 -195.645 -30.6 
271 -185.045 -46.3636 
272 -189.227 -42.3636 
273 -180.5 -24.3529 
274 -180.5 -45 
275 -169.409 -56.7273 
276 -155.5 -57 
277 -228.9 -16.8 
278 -219.5 76 
279 -221.7 69.4 
280 -79.5625 -148.188 
281 -158.3 -85.8 
282 -165.7 -93 
283 -221.5 43 
284 -220.9 36 
285 -235.36 10.1 
286 -168.544 74.4444 
287 -190.9 -136.6 
288 -187.948 -122.793 
289 -90.4286 -153.071 
290 -115 -155.5 
291 -104.28 -156.3 
292 62.5 63 
293 74.3 62.2 
294 32.1154 60.8462 
295 49.5 63 
296 40.9286 61.7143 
297 -227.029 3.61765 
298 -225.8 6.66667 
299 -212.618 39.8235 
300 -227.125 25.4375 
301 -143.787 -153.287 
302 -202.5 42 
303 -127.273 -159.136 
304 117.491 56.9636 
305 -179.5 61 
306 -161 -117.5 
307 -193 1.28571 
308 -177.786 54.8571 
309 -183.563 47.0938 
310 -204.643 23.7143 
311 -194.711 23.6842 
312 -211.176 6.88235 
313 -202.365 23.6519 
314 -182.718 20.9818 
315 -179.7 34.8 
316 -200.8 6.2 
317 -192.3 7.4 
318 -181.5 43 
319 -192.5 43 
320 -198.63 44.1087 
321 -71 -139.5 
322 25.5 -56 
323 33.3182 -55.7273 
324 102.114 -47 
325 -202.5 -14 
326 -202.5 -5 
327 -202.5 4 
328 -217.318 1.86364 
329 -169.5 56 
330 -161.5 -52 
331 -172.5 -52 
332 -110.167 -145.667 
333 -88.7586 -144.948 
334 -100.231 -145.346 
335 30.9286 -46.8571 
336 121 7 
337 121 0 
338 121.167 -7.16667 
339 130.5 -41 
340 120.833 -12.8333 
341 130 -9.5 
342 117.333 -41.3333 
343 130.447 0 
344 121.429 -32.2857 
345 131.056 -32.1111 
346 130.1 -23.6 
347 117.506 -19.2129 
348 130.786 -14.5714 
349 51.3 56.2 
350 61.5 56 
351 71.5 56 
352 32.1667 55.6667 
353 -207.233 -4.36667 
354 -189.726 1.19355 
355 -200.333 -3.66667 
356 -173 63 
357 -150.5 78 
358 -156.488 60.744 
359 -150.5 71 
360 -152 -143.333 
361 -139.385 -144.423 
362 -128 -140.5 
363 -128.875 -153 
364 -117.1 -134 
365 -112.3 -138.4 
366 -116.013 -142.266 
367 -122.625 -155.125 
368 -123.591 -138.455 
369 -144.5 70 
370 -176.735 -145 
371 -173.115 -45.8462 
372 -165.227 -46.1818 
373 -183.5 -46.5 
374 -139 -140.308 
375 -128.5 -138 
376 -189.188 -12.6875 
377 -201.5 -9.77273 
378 -148.5 -54 
379 -208.5 3.5 
380 -142 38.5 
381 75.375 -47.25 
382 70.9545 -49.8182 
383 77.5 -50.1667 
384 95.7133 -48.3067 
385 85.1667 -47.5 
386 85 -41 
387 -199.333 3.75 
388 -188 1.75 
389 -128.318 60.7273 
390 -140.038 79.2308 
391 -131.045 81.0909 
392 -133.59 70.2049 
393 -140.7 64.4 
394 -137.5 59 
395 109 44.3333 
396 125.962 47.2308 
397 106 55 
398 111.409 46.7727 
399 112.538 30.6282 
400 104.407 6.2037 
401 37.2143 -38.8571 
402 -176.5 -32 
403 -192.409 -15.0455 
404 -192.423 1.96154 
405 -183.346 -5.73077 
406 -177.409 -14.5455 
407 -177.5 4 
408 95.8116 -29.1355 
409 112 -9.25 
410 97.4189 46.0473 
411 85.4483 48.931 
412 108.214 -7.64286 
413 119.5 3 
414 115.667 39.3333 
415 124.946 37.7538 
416 121.839 16 
417 38.5 53 
418 -128 40.5 
419 106.233 0.166667 
420 108.113 -19.3125 
421 121.9 -8.4 
422 114.8 -19.1 
423 113.778 0.555556 
424 113.891 5.18715 
425 107.72 -2.66102 
426 110.1 24.9 
427 55.1579 -30.8947 
428 70.1429 -33.1429 
429 48.1333 -20.2 
430 62.6018 -21.0177 
431 114.214 13.6429 
432 66.7632 50.6842 
433 49.6111 50 
434 -157.269 -46.3077 
435 -149.5 -47 
436 115.808 39.5385 
437 -153.045 -145.909 
438 114.136 33.3182 
439 111.136 9.09091 
440 72.2143 -42.8571 
441 66.5 -52.4 
442 -176.833 -35.2619 
443 -190.864 -139.545 
444 -168.5 -137.286 
445 -177.125 -138.75 
446 35 -12 
447 46.8 -11.6 
448 42.5 -52 
449 51.8333 -30.2113 
450 59.2391 -49.6522 
451 50.5 -50 
452 33.375 -18.25 
453 41.7333 -17.1333 
454 48.2778 -35.6111 
455 -186.444 -92.0141 
456 -161.262 -100.429 
457 -174.57 -118.227 
458 -189.1 -107.6 
459 -181.611 -139.889 
460 -171.109 -89.5217 
461 46.9545 75.4545 
462 0.735294 -109.118 
463 -15.0231 -111.308 
464 -68.1667 -129.667 
465 43.0385 79.0769 
466 56.5769 78.6154 
467 -152.5 -139 
468 -98 42.5 
469 -61 -122.5 
470 108.143 27.2857 
471 -151 -134.5 
472 -133 37.5 
473 -150.5 -110 
474 -150.5 -127 
475 -70 -122.962 
476 81.2222 -6.31481 
477 95.414 25.9462 
478 91 9.45652 
479 115.375 -5.625 
480 100.873 -6.27612 
481 7.5 -99 
482 7.5 -90 
483 110.5 -5.8 
484 82.3333 -45 
485 82.9286 -6.21429 
486 84.8788 -36.7727 
487 89.8944 -12.5745 
488 103.214 -8 
489 82 -28.5 
490 101.881 3.19048 
491 110.3 6.8 
492 95.1 7 
493 -113.5 -130 
494 -138.5 -131 
495 -127.167 -130.667 
496 -139.5 -124 
497 -82.0385 -135.462 
498 66.2647 69.2941 
499 81.625 71.5 
500 20.7195 -47.6195 
501 11 -33 
502 50 4 
503 50 10 
504 50 34 
505 48.9091 23.3636 
506 56.62 32.22 
507 49.2 17.6 
508 50.8 14.4 
509 50.4 38.8 
510 50 -5 
511 -161.077 -4.38462 
512 -161 4 
513 -168.75 5.125 
514 -165.1 22.1 
515 -168.605 22.7368 
516 -169.5 41.5 
517 -163.646 37.4583 
518 -162.5 25.0909 
519 -153.808 23.3846 
520 -172.962 23.8846 
521 -167 -5.5 
522 -168.5 49.5 
523 -182.2 22.7 
524 -168.667 1.16667 
525 -173.667 1.5 
526 27.1 80.9333 
527 71.2273 -14.2273 
528 63.25 -40.75 
529 -138 -135.5 
530 -158.5 -105.2 
531 -144.611 -116.083 
532 -155.833 -119 
533 -148.769 -106.577 
534 -138.571 -126.833 
535 93.6485 3.3303 
536 108.269 56.3077 
537 66.3 55.6 
538 76.9521 61.1507 
539 67.0385 64.3077 
540 95.42 58.92 
541 89.3 65.6 
542 -4.5 -102 
543 26.7 78.2 
544 12.2059 80.4706 
545 92.9706 43.6176 
546 108.5 43 
547 93 11.0455 
548 108.5 50 
549 -127 -131.5 
550 -159.682 -96.9091 
551 61.8158 46.3684 
552 46.5 46 
553 30.5 48 
554 37.5 48 
555 22.5 48 
556 -130 -110.5 
557 -130 -120.5 
558 -183.682 -39.7727 
559 -168.5 -39 
560 -157.853 -28.0308 
561 -182.667 -22.5833 
562 -0.7 -89.9429 
563 -99.375 -136.125 
564 -107.6 -135.3 
565 -116 -135.5 
566 -131.5 -125 
567 -123.5 -125 
568 -160.909 -84.5909 
569 93.7609 48.5217 
570 -157 -78.5 
571 -156.933 -92.1667 
572 -148.8 -94.1 
573 -143.692 -98.4231 
574 -132.333 -99.8333 
575 -113.666 -110.186 
576 -121.4 -116.9 
577 -104 -106.676 
578 -125.857 -100.929 
579 -106.432 -127.338 
580 -118.286 -127.214 
581 -179 8 
582 -187.682 -11.2273 
583 -181.318 -10.5 
584 -184.5 14.5 
585 -169.763 -7.89474 
586 -169.045 11.6364 
587 -186.357 -2.35714 
588 -168.192 6.46154 
589 -182.485 4.46324 
590 -169.167 -12.6667 
591 -166.962 -1.38462 
592 -179 4 
593 -168.5 16.3077 
594 -184.66 34.14 
595 -184.167 47.0556 
596 -119.5 81 
597 -106.5 81 
598 23.8 -30.2 
599 16.0714 -36.5238 
600 31.5 -35 
601 -82.5 82 
602 -150.144 51.9111 
603 -133.794 52.9412 
604 32.5 -31 
605 20.25 -28.75 
606 -167.95 3.85 
607 -159.278 8.55556 
608 -152.5 9.27273 
609 -153.875 -11 
610 -158.5 -5.83333 
611 -172.28 -5.78814 
612 -162.857 -11.8929 
613 -160.5 1 
614 -171.98 8.86 
615 -153.591 -0.454545 
616 -9.9 -93.6 
617 -38.979 -105.628 
618 -97 40.5 
619 -56 -103.5 
620 -56 -113.5 
621 -82.375 -129.625 
622 -93.2941 -129.382 
623 -108.5 -127 
624 -75.7727 -128.03 
625 -112 36.5 
626 -125.64 35.94 
627 -73.8804 -115.141 
628 -7.74324 50.7297 
629 22.5909 -37.4545 
630 36.0333 -22.1333 
631 24 -22.0636 
632 -56.9 -118.8 
633 -82.8478 -120.739 
634 -92.5 -120.92 
635 -103.6 -122.1 
636 55.1176 68.8824 
637 -173.167 24 
638 -130.265 -119.824 
639 -154.5 16 
640 -93 -123.5 
641 -93 -118.5 
642 -61.0455 -110.909 
643 -61.8333 -120.667 
644 66.5 41 
645 58.5 41 
646 -49.5 60.4286 
647 83.7931 7.2931 
648 70.3947 46.9737 
649 72.1 27.7 
650 62.1 24.0714 
651 72.5414 2.02301 
652 97.5 46.3529 
653 86.5 46 
654 76.9667 46.1333 
655 -136.5 -113 
656 -125.188 -113.438 
657 -152.133 -64.3 
658 -121.5 75 
659 -68.5 -122 
660 -68.5 -113 
661 -169.5 15.5 
662 -75.2273 -123.182 
663 47.5 73 
664 -67 -103.5 
665 -82.5 -112 
666 -75.2273 -113.636 
667 -59 -96.5 
668 -70 -96.5 
669 -77 -101.5 
670 -81 -100.5 
671 -86 -99.5 
672 -94.9107 -96.0179 
673 -110.5 -119.471 
674 -119.66 -97.5754 
675 -95.2727 -108.591 
676 -80.9014 -97.6268 
677 -68.7105 -98.4737 
678 -93.6032 -112.214 
679 -104.318 -102.818 
680 -112.038 -120.538 
681 -23.3571 -90.4286 
682 16.5 -57 
683 17.2895 -49.8421 
684 -20.3 -81.7333 
685 9.6 -52.7 
686 -6.71429 -81.0714 
687 -27.2273 -60.4545 
688 4.5 -51 
689 -29.1 -64.6 
690 -8.72222 -64.5 
691 0.3 -59.2 
692 -19.7308 -68.0769 
693 -21.4231 -62.2308 
694 -10.5 -49.4615 
695 -2.03846 -54.6923 
696 -3 -48.1667 
697 -19.6429 -52.3333 
698 -11.3333 -75.8333 
699 1.9 -72.8 
700 -28.625 -51.875 
701 -26.1 -78.6 
702 -27.25 -71.625 
703 -31.4333 -78.4667 
704 -14.5 -58.6364 
705 7.5 -78.0769 
706 6.72222 -64 
707 -56.8077 -98.7436 
708 -153.273 -79.8636 
709 -151.625 -88.875 
710 -148.933 -67.5667 
711 -123.529 -87.6176 
712 -135.519 -72.3045 
713 -123.2 -59.5 
714 -121.4 -92.3 
715 -135.048 -61.881 
716 -154.987 28.4474 
717 -160.462 -5.11538 
718 -19.5 47 
719 39.5 74 
720 64.5 49.4 
721 6.5 47 
722 55.3182 6.27273 
723 57.625 18.375 
724 59.0385 26.1538 
725 8.6087 21.7826 
726 24.5 75 
727 59.3947 36.7895 
728 17.2857 18.7143 
729 25.5294 17.1176 
730 -14.1875 26.3125 
731 42.1818 17.7273 
732 40.8 29.2667 
733 35.1 20.1 
734 24.5 72 
735 35.8007 50.268 
736 15.4667 26.2 
737 27 24.8182 
738 61.1364 31.9091 
739 22 30.7 
740 57.8529 61.5294 
741 33.913 33.6087 
742 24.1667 58.7619 
743 56.2273 13.3636 
744 -186.318 -79.7273 
745 -179.5 -80 
746 -192 -80.1667 
747 68.5 -11 
748 53.3 -11.7 
749 54.5 -27 
750 52 -48.5 
751 -156 -1.25 
752 -154.5 36.5 
753 -149 2 
754 -154.5 43.5 
755 -154.5 32.5 
756 -139.5 45 
757 -139.5 35 
758 -156.417 -4.41667 
759 -139.5 22 
760 -151.98 12.24 
761 -153.885 -0.769231 
762 -137.885 10 
763 -156.037 -13.8704 
764 -155.5 25.8158 
765 -149 6 
766 -146.5 -4 
767 -161.5 -4.5 
768 -142.5 -46 
769 -158.357 -10.6429 
770 -158.5 1.5 
771 -142.5 -25 
772 -143.5 1 
773 -143.5 -10 
774 52.5 39.5 
775 67.5 39 
776 52.5 20.5 
777 67.5 5 
778 52.5 12 
779 51.9433 -6.19785 
780 30.4091 7.09091 
781 67.5 29 
782 67.5 15 
783 -139.211 4.94737 
784 -144.342 45.8158 
785 -144.5 35.5 
786 -153.5 0.5 
787 -129.409 34 
788 -129.045 45.1515 
789 -140.37 4.06604 
790 -129.5 28 
791 -129.214 21.4286 
792 -193.5 -70 
793 -193.5 -56 
794 -185.269 -69.4615 
795 -185.731 -56.5385 
796 -175.5 -67 
797 -174.5 -77 
798 -127.046 3.98985 
799 -139.5 -48 
800 -139.5 -34 
801 -143.086 -16.0517 
802 -169.5 -77 
803 -172.5 -60 
804 -164.5 -78 
805 -143.889 -83.7222 
806 10.7308 74.7692 
807 -7.1 78.2 
808 3.1 73.4 
809 3.5 72.4516 
810 -139.955 -81.7273 
811 -63.075 -91.025 
812 -191.5 -43 
813 -191.676 -35.7059 
814 -49.05 -5.17442 
815 -111.5 -40.1429 
816 28.8104 -3.88186 
817 41 11.4 
818 30.3333 11.1111 
819 20.4 11.2 
820 73.1818 -44.7727 
821 73 -30.5 
822 72.8 -37.9 
823 76.8333 -11.3667 
824 85.1316 41.8158 
825 81.5 32.2 
826 76.4259 19.0309 
827 67.0161 -0.725806 
828 -81.8 -4.56667 
829 100.889 37.6667 
830 96.9706 26.6373 
831 88.5588 4.1 
832 94.0714 18.6429 
833 -43.4333 -45.1333 
834 -48.7353 -70.1765 
835 -45.9 -57.6 
836 -60.3571 -76.7143 
837 -87.3148 -81.0741 
838 -52.9615 -53.3077 
839 -73.3 -84 
840 -66.1667 -87 
841 -58.8077 -67.6154 
842 -65.6228 -74.8246 
843 -57.5 -86.1667 
844 -56.3182 -60.6364 
845 -84.9211 -64.8947 
846 -46.4 -65.6 
847 -85.3 -71.8 
848 -46.0556 -51.2222 
849 -97.5385 -98.4231 
850 -108.506 -75.2241 
851 -110 -64.2143 
852 94.8462 32.5385 
853 60 31.0952 
854 76.5455 45.9091 
855 77 41.8571 
856 63.0588 15.4118 
857 74.8214 31.8929 
858 85.1304 34.2174 
859 98 25.4615 
860 102.942 13.5577 
861 77.3333 7.3964 
862 94.5455 15.7273 
863 101.313 -1.25 
864 62.2703 40.2973 
865 62 25.8571 
866 59.4545 -1.18182 
867 61.6667 -8.66667 
868 70.2222 -7.66667 
869 -228.318 13.6364 
870 -213.75 -16.5 
871 -221.91 13.2403 
872 -220.682 83.2727 
873 -205.071 59.1568 
874 -185.978 63.2174 
875 -188.595 75.0476 
876 -202.5 81 
877 -211.583 81.0833 
878 -98.3077 35.1154 
879 -95.0576 17.7542 
