965
0 1 2 0 374 -220 1 302 340 0 2
1 0 -1 1123.3 36 311 1 321 -223 1 2
2 3 4 0 286 79 1 -79 343 3 1
3 -2 -3 0 -278 272 1 269 28 0 2
4 5 6 0 -267 -132 1 -4 350 1 2
5 -4 -5 556.345 136 318 1 -304 320 2 2
6 7 8 0 126 328 0 213 -312 0 2
7 -6 -7 172.486 -49 -148 2 -85 14 1 1
8 -8 9 0 -293 -300 1 -310 -351 2 2
9 -9 10 0 -293 273 2 -146 326 0 1
10 -10 11 0 -220 -126 1 -237 256 2 1
11 12 13 0 245 -75 1 426 112 3 2
12 -11 -12 319.163 -60 75 3 -162 200 2 2
13 -13 14 0 -115 389 3 -136 334 3 1
14 15 16 0 -474 -252 1 -474 220 1 2
15 -14 -15 2184.1 -139 -99 1 344 -274 0 2
16 -16 17 0 379 299 1 403 -255 0 2
17 18 19 0 -473 122 3 487 167 1 2
18 -17 -18 1808.37 492 24 2 -470 257 1 2
19 -19 20 0 -59 -336 0 -99 345 0 2
20 -20 21 0 -14 200 2 226 321 0 2
21 22 24 0 296 -85 2 187 340 2 2
22 23 -23 1004.67 284 -16 3 322 2 1 2
23 -21 -22 -2572.67 -297 75 1 40 97 2 2
24 25 26 0 -92 -193 3 139 334 0 1
25 -24 -25 -539.864 394 -118 1 -73 247 0 2
26 27 28 0 36 145 1 -4 322 2 2
27 -26 -27 1669.73 -68 36 2 -135 231 2 2
28 29 30 0 422 274 0 285 328 1 2
29 -28 -29 -467.148 -243 -380 0 289 26 2 1
30 31 33 -638.533 33 -60 3 398 -36 2 1
31 -30 32 0 339 -317 0 -28 136 2 2
32 -31 -32 0 -119 172 2 -18 130 2 2
33 -33 34 0 42 308 1 492 -200 3 2
34 -34 35 0 -161 -28 0 287 307 3 2
35 -35 36 0 345 -302 1 -177 294 2 1
36 -36 37 0 -316 347 3 172 -357 2 1
37 38 42 0 268 -270 1 -456 -225 1 1
38 39 40 -2383.66 25 -201 2 -31 -206 2 2
39 -37 -38 474.383 11 83 1 110 238 0 1
40 -39 41 -585.25 386 -153 0 -102 -200 2 1
41 -40 -41 685.47 -302 -168 2 -425 142 0 2
42 43 964 280.327 -135 312 0 -131 -165 0 1
43 44 45 0 108 367 3 395 -247 0 2
44 -42 -43 0 -175 209 3 326 -257 2 2
45 46 48 0 37 290 2 188 323 3 1
46 -44 47 0 -296 51 1 -132 147 1 1
47 -45 -46 -1765.21 -387 291 2 197 -32 3 2
48 49 51 0 -66 -284 2 138 -352 0 1
49 50 -49 -65.1018 -445 -375 1 -143 -226 2 1
50 -47 -48 -686.322 -400 -97 3 147 -135 1 1
51 -50 52 0 34 337 0 249 -304 1 2
52 -51 53 0 -8 -254 2 -390 -325 2 1
53 54 57 0 -357 90 2 -5 -367 1 1
54 55 56 1020 -374 -292 2 -443 -77 3 1
55 -52 -53 -2294.31 175 258 0 131 -58 2 2
56 -54 -55 -3062.88 -384 -199 1 -316 -273 2 2
57 -56 58 0 -30 393 1 -191 275 2 2
58 -57 59 0 -351 339 2 -163 294 1 2
59 -58 60 0 -206 188 3 275 309 1 2
60 -59 61 0 414 -100 2 -164 275 1 2
61 -60 62 0 -329 215 2 132 -359 2 2
62 63 65 0 -382 290 1 156 313 2 2
63 -61 64 -368.771 183 -270 1 -143 -10 0 1
64 -62 -63 484.218 -44 160 1 268 -37 3 1
65 -64 66 0 210 322 2 -399 -354 3 2
66 67 68 0 308 353 2 -158 -363 2 2
67 -65 -66 0 -344 83 2 120 -103 1 2
68 69 70 0 482 241 1 443 236 1 2
69 -67 -68 3759.92 325 -86 0 290 -197 3 2
70 71 72 0 105 -287 1 140 -318 2 1
71 -69 -70 11.0009 155 -240 1 376 43 3 1
72 73 81 0 -24 -141 3 -478 190 3 1
73 74 -79 969.272 -482 -81 2 -403 -125 0 2
74 75 80 -2784.57 -258 -315 2 -145 -23 0 2
75 76 -76 -1009.25 48 -195 3 -377 -104 3 2
76 -71 77 -2685.27 198 134 2 -157 -87 3 2
77 78 -75 706.785 -264 -59 1 -473 -310 0 2
78 -72 79 -994.995 -281 -47 2 -191 154 0 2
79 -73 -74 612.429 -443 102 2 220 -35 1 1
80 -77 -78 -72.9801 -168 248 2 18 14 2 2
81 -80 82 0 -165 254 1 289 291 1 1
82 83 84 0 -498 111 1 489 150 1 2
83 -81 -82 0 -66 -7 2 72 -174 2 2
84 -83 85 0 -324 360 1 192 -354 2 2
85 -84 86 0 -470 -23 0 266 -299 0 2
86 -85 87 0 -265 325 1 -379 245 2 1
87 88 89 0 24 351 1 252 -293 0 1
88 -86 -87 1083.51 -69 -267 0 -134 -243 3 2
89 -88 90 0 65 217 2 487 -181 2 1
90 91 93 0 -199 -161 2 -466 -210 2 1
91 -89 92 0 170 110 0 22 51 0 1
92 -90 -91 -318.3 147 -209 1 -51 31 2 1
93 -92 94 0 164 -242 1 286 253 0 1
94 -93 95 0 -210 294 3 -101 -360 2 1
95 96 97 0 129 191 2 -297 250 2 2
96 -94 -95 454.428 -52 170 3 498 -326 3 1
97 -96 98 0 -185 292 2 -400 -343 1 2
98 99 104 0 264 278 0 461 205 0 1
99 -97 100 0 -281 364 3 170 228 2 1
100 101 102 0 35 -270 1 481 123 2 2
101 -98 -99 1261.37 85 125 0 136 -165 2 2
102 -100 103 -3561.14 331 -248 2 202 -51 2 2
103 -101 -102 200.749 125 150 0 -361 234 1 1
104 105 106 0 -20 -351 2 284 272 1 2
105 -103 -104 0 135 317 1 8 -105 2 2
106 -105 107 0 -395 27 0 437 241 1 1
107 -106 108 0 -43 141 2 -429 -225 3 2
108 -107 109 0 368 361 3 -385 237 1 1
109 -108 110 0 246 -217 2 -381 238 0 2
110 111 112 0 -352 -210 1 177 -344 1 1
111 -109 -110 0 149 257 1 189 -337 2 1
112 113 114 -3841.42 89 -216 1 -10 70 2 2
113 -111 -112 -2311.86 -209 107 2 -207 -170 2 2
114 -113 115 -2157.78 357 301 2 148 272 2 2
115 -114 116 0 353 20 3 397 -236 3 2
116 -115 117 0 355 102 0 -198 266 0 2
117 118 120 0 267 -78 0 397 -228 3 1
118 119 -118 -1854.52 -307 144 3 404 -66 1 2
119 -116 -117 -3362.83 -342 -237 1 187 -68 3 2
120 -119 121 0 310 175 1 361 -273 0 2
121 122 128 0 -317 48 1 121 293 1 2
122 123 -126 -53.9064 378 -246 2 -30 248 2 1
123 124 127 0 -298 -259 0 -135 270 2 1
124 125 -123 -2159.3 295 136 2 195 135 0 2
125 -120 126 543.115 257 -91 1 287 -64 3 2
126 -121 -122 -72.7739 -320 -178 2 245 246 3 1
127 -124 -125 -1354.02 214 362 2 154 226 2 2
128 129 131 0 -345 -213 1 74 275 0 1
129 -127 130 0 -340 27 3 270 -111 2 2
130 -128 -129 234.479 248 248 1 -328 -248 1 2
131 132 133 0 131 330 2 -357 248 2 2
132 -130 -131 0 259 60 1 -365 -90 2 2
133 134 138 0 115 325 2 257 253 1 2
134 -132 135 -3743.77 -394 -220 0 119 52 3 2
135 -133 136 730.599 204 231 1 299 140 2 2
136 137 -136 520.759 -71 -113 3 -179 -383 2 1
137 -134 -135 165.964 3 212 2 101 278 2 1
138 -137 139 0 -107 -261 2 441 221 2 2
139 -138 140 0 -475 52 2 218 -310 1 2
140 141 142 0 -387 -61 1 -362 240 1 2
141 -139 -140 1217.87 -368 11 2 -260 -258 2 2
142 143 144 0 -490 -109 1 486 -175 1 2
143 -141 -142 461.289 64 -188 2 -95 330 1 1
144 -143 145 0 108 -261 1 -459 223 0 1
145 -144 146 0 30 -204 2 -498 -191 1 2
146 -145 147 0 11 243 2 431 236 3 1
147 148 149 0 139 342 2 -440 -212 3 2
148 -146 -147 123.657 -271 -140 2 -483 59 1 1
149 -148 150 0 -378 271 3 -462 209 2 1
150 -149 151 0 220 314 1 187 -326 2 1
151 152 155 0 358 248 3 -481 171 1 2
152 153 -153 1836.23 -424 -71 2 169 54 2 2
153 -150 154 1145.01 -379 22 2 284 49 3 2
154 -151 -152 346.357 -27 -50 2 36 173 3 1
155 -154 156 0 105 240 2 -245 246 2 2
156 -155 157 0 -361 252 2 479 -200 0 2
157 -156 158 0 -275 291 0 242 -297 3 2
158 159 953 2828.07 381 127 1 -147 377 2 2
159 -157 160 0 -104 340 0 63 273 1 2
160 -158 161 0 -393 328 2 253 253 2 1
161 -159 162 0 -157 -192 1 52 -356 1 2
162 -160 163 0 -207 202 3 394 -242 2 2
163 164 165 0 247 -284 1 310 -250 3 2
164 -161 -162 3832.58 131 -99 2 -365 302 3 2
165 -163 166 0 371 110 3 342 -241 1 2
166 167 169 0 176 81 2 -492 -188 1 1
167 -164 168 -294.671 188 139 3 -26 37 1 1
168 -165 -166 -99.6606 306 -89 1 -271 37 2 1
169 170 -951 2922.72 404 82 3 194 89 2 2
170 -167 171 0 456 200 2 400 -222 2 1
171 172 174 0 -382 39 2 459 -192 2 1
172 -168 173 -1728.12 115 230 1 286 87 2 2
173 -169 -170 911.079 478 33 1 -182 -103 2 2
174 -171 175 0 -444 -187 1 -476 -196 3 2
175 176 177 0 318 -199 2 -428 -211 0 1
176 -172 -173 278.703 -255 -126 1 24 169 1 1
177 -174 178 0 -139 263 3 202 -315 3 1
178 -175 179 0 -193 -270 0 -358 -340 1 1
179 -176 180 0 -215 -322 3 -470 201 0 2
180 -177 181 0 77 297 0 285 249 1 1
181 182 184 0 -463 -209 2 -445 -201 2 1
182 -178 183 837.093 -422 74 2 -282 233 3 2
183 -179 -180 0 115 318 1 45 88 1 1
184 185 186 0 -209 -212 3 -343 239 0 2
185 -181 -182 -415.841 -225 -259 3 -52 151 3 1
186 -183 187 0 -335 247 2 315 -240 3 2
187 -184 188 0 226 189 2 225 -298 2 1
188 -185 189 0 -270 -320 2 411 -209 0 1
189 190 191 0 -469 -11 1 -492 -56 2 2
190 -186 -187 0 201 153 1 -201 -175 3 1
191 192 196 0 -335 -196 1 -481 8 1 2
192 -188 193 -534.008 -286 321 1 -178 16 2 1
193 194 -192 3198.62 -206 -10 2 332 13 1 2
194 -189 195 0 227 -324 3 -80 165 3 2
195 -190 -191 317.056 -275 -125 0 -140 152 0 1
196 197 199 0 -21 -361 2 -140 264 1 1
197 198 -195 0 229 340 1 -173 79 3 1
198 -193 -194 0 353 -58 1 216 177 2 2
199 200 201 0 -196 -398 3 288 -259 0 1
200 -196 -197 1500.26 30 78 1 344 200 3 2
201 -198 202 0 -216 339 2 -304 -356 2 1
202 -199 203 0 203 -302 3 469 -184 1 2
203 -200 204 0 -250 -83 1 353 -233 1 2
204 -201 205 0 -479 369 2 -421 -232 2 2
205 206 209 0 364 -67 3 251 -263 1 1
206 -202 207 0 -175 25 1 278 24 2 1
207 -203 208 0 -397 132 1 268 -277 1 1
208 -204 -205 -221.561 88 219 1 244 64 2 2
209 -206 210 0 -269 -300 2 171 -324 0 1
210 211 212 0 117 317 0 442 213 1 1
211 -207 -208 0 178 -259 0 -50 17 1 2
212 213 214 0 -431 174 2 246 -250 1 1
213 -209 -210 484.714 167 -139 2 -294 118 1 1
214 215 218 0 399 31 3 -450 -172 3 2
215 -211 216 -3631.78 498 -207 2 -357 -136 1 2
216 217 -214 931.364 -225 -126 2 -346 302 0 1
217 -212 -213 0 426 -32 1 -316 184 2 1
218 219 226 0 -300 -254 2 -357 -322 2 2
219 220 -222 678.071 -260 -159 1 172 52 2 1
220 -215 221 -1931.96 -74 255 1 -47 44 3 2
221 222 223 -305.051 -299 -258 2 20 -281 3 2
222 -216 -217 69.7205 -251 -38 2 -26 80 2 1
223 224 -221 -69.7124 394 -338 1 -211 -52 2 1
224 -218 225 72.4443 -377 -194 1 -109 -75 3 1
225 -219 -220 -1577.14 -121 -59 2 -51 -156 1 2
226 -223 227 0 243 185 1 481 -152 0 1
227 -224 228 0 359 311 0 482 176 2 1
228 -225 229 0 184 221 2 302 -232 0 2
229 -226 230 0 21 -360 2 419 244 0 1
230 231 232 0 43 -304 0 376 -224 2 1
231 -227 -228 3154.96 33 -217 0 -406 -111 3 2
232 233 234 0 325 -222 0 -463 195 2 1
233 -229 -230 1087.68 -130 -88 0 191 -105 3 2
234 235 236 0 -499 125 1 244 -268 1 2
235 -231 -232 248.148 -123 -284 2 -159 46 1 2
236 237 240 0 -381 33 1 -462 141 1 2
237 238 -236 -877.002 197 188 1 -331 -90 0 2
238 -233 239 0 407 294 2 -110 183 2 2
239 -234 -235 257.275 -280 126 1 -488 -110 0 1
240 241 245 0 346 36 1 222 -246 0 1
241 242 243 -2563.61 -262 -150 0 157 44 2 2
242 -237 -238 1508.69 187 -258 1 -6 -328 3 2
243 -239 244 413.433 -120 -229 3 -316 116 1 1
244 -240 -241 3729.03 109 -49 3 174 199 2 2
245 246 247 0 -369 223 2 219 -284 3 2
246 -242 -243 -374.349 -384 -14 1 8 105 2 2
247 -244 248 0 -476 70 2 -334 239 2 1
248 -245 249 0 -270 15 0 168 -349 1 2
249 -246 250 0 -198 261 2 36 263 0 1
250 251 252 0 151 257 1 212 -294 2 2
251 -247 -248 1806.9 -113 -217 3 335 209 3 2
252 -249 253 0 386 -214 0 -246 248 1 2
253 -250 254 0 -69 -288 2 127 -339 2 2
254 255 262 0 -336 -197 2 372 228 3 2
255 256 261 349.339 418 223 3 -383 75 0 2
256 257 -256 -697.354 159 -181 1 -39 222 2 2
257 258 -255 -866.99 390 -205 2 -21 -93 3 1
258 259 -254 -893.262 -215 31 1 105 -76 2 1
259 260 -253 -849.159 -177 341 0 71 -29 2 1
260 -251 -252 927.941 300 -76 1 24 346 1 1
261 -257 -258 18.9126 435 139 3 283 132 1 2
262 263 266 0 -350 11 3 386 -216 2 2
263 264 265 -2556.81 -271 120 2 -32 -102 3 2
264 -259 -260 1281.47 162 -194 3 484 310 1 2
265 -261 -262 -1287.53 -159 -234 3 343 8 1 2
266 267 269 0 338 154 3 248 249 2 1
267 -263 268 1129.57 -138 -114 1 -139 372 1 2
268 -264 -265 -276.596 249 -295 3 -146 112 3 1
269 -266 270 0 -262 4 2 -469 11 3 2
270 -267 271 0 228 -223 3 314 240 3 1
271 272 275 0 -384 -170 0 207 255 1 2
272 273 274 594.505 -127 -107 3 226 121 2 2
273 -268 -269 344.406 238 45 2 -50 348 3 1
274 -270 -271 -433.656 291 38 2 215 222 1 2
275 -272 276 0 -434 -60 1 -471 53 2 1
276 277 278 0 -325 193 0 470 -173 3 1
277 -273 -274 -1739.1 -243 1 1 475 6 1 2
278 279 284 0 -448 -299 1 -432 -181 3 2
279 -275 280 -436.825 209 113 0 -373 -202 1 1
280 281 -280 3940.43 -97 -67 3 -294 189 2 2
281 -276 282 0 -466 261 2 -253 -200 2 2
282 -277 283 -940.708 63 -86 3 -92 -160 0 1
283 -278 -279 -1326.7 -123 291 2 -446 -166 1 2
284 285 287 0 -280 -72 2 7 255 1 1
285 -281 286 1580.22 -205 -90 0 -311 -190 2 2
286 -282 -283 473.913 126 31 2 242 -3 2 1
287 288 949 244.11 469 60 3 341 -251 3 2
288 289 290 0 376 103 0 353 231 1 1
289 -284 -285 0 -198 -42 1 361 -59 1 2
290 -286 291 0 272 -336 0 -452 226 0 2
291 -287 292 0 -472 -25 0 -220 248 2 2
292 293 299 0 297 -258 0 -462 166 2 2
293 294 -294 1911.27 -25 159 0 123 -4 3 2
294 295 -293 -1792.59 74 304 3 -63 -93 2 2
295 296 -292 -68.6125 -220 -186 1 -307 60 1 1
296 -288 297 -2629.89 -406 -192 3 -191 28 3 2
297 298 -291 -1389.65 339 50 1 -137 113 2 2
298 -289 -290 -341.321 414 -107 2 -332 45 1 1
299 300 301 0 487 -229 1 460 -172 1 1
300 -295 -296 0 -491 87 2 323 187 0 1
301 -297 302 0 9 -275 3 419 223 1 1
302 303 305 0 -484 190 0 450 -190 0 1
303 304 -300 -643.743 -259 127 2 419 -163 2 1
304 -298 -299 1004.09 325 121 3 339 -201 0 2
305 306 307 0 -486 148 0 467 -101 0 2
306 -301 -302 -807.078 436 -341 1 189 66 2 2
307 308 316 0 -24 -362 1 440 3 0 2
308 309 315 2435.71 337 -190 1 124 -247 2 2
309 310 -309 -709.867 -227 228 3 14 -22 2 2
310 -303 311 0 256 -231 2 400 -192 3 2
311 -304 312 -914.268 -46 -41 3 319 -1 2 1
312 -305 313 -3770.52 437 -212 2 99 -62 1 2
313 -306 314 -405.712 237 -251 3 296 -144 1 2
314 -307 -308 -449.758 324 -243 3 446 -133 0 1
315 -310 -311 -802.564 -221 303 1 239 132 1 2
316 -312 317 0 383 221 1 236 -235 1 1
317 -313 318 0 486 -267 3 356 -218 2 1
318 -314 319 0 49 173 1 418 203 1 1
319 320 323 0 -186 -51 1 227 244 1 2
320 321 -318 448.994 260 29 2 -251 -252 3 1
321 -315 322 0 239 -172 2 -163 143 0 2
322 -316 -317 -377.862 -106 87 2 105 -129 2 2
323 324 327 0 264 -106 2 422 123 3 2
324 -319 325 -787.617 -263 285 0 233 -160 2 1
325 -320 326 1280.95 49 -80 1 422 -240 2 2
326 -321 -322 1265.28 272 -178 2 427 -118 0 2
327 328 329 0 -280 -269 2 335 232 2 1
328 -323 -324 -761.9 -246 -218 3 33 166 2 2
329 -325 330 0 -104 333 2 217 244 2 1
330 331 332 0 418 203 1 -423 -210 2 2
331 -326 -327 0 325 -29 1 -324 112 1 1
332 -328 333 0 -333 -57 1 330 -224 0 1
333 -329 334 0 303 -182 3 -407 -330 3 2
334 335 336 0 255 -320 2 399 219 0 1
335 -330 -331 907.927 350 -91 1 -387 -57 1 1
336 -332 337 0 476 -214 1 408 205 2 1
337 338 341 0 498 289 2 -109 248 1 1
338 339 340 -525.341 -319 71 0 -200 44 0 1
339 -333 -334 -532.416 321 -250 3 -212 -45 1 2
340 -335 -336 -1721.52 106 -175 3 -82 -36 2 2
341 -337 342 0 -299 49 2 254 236 2 1
342 343 348 0 181 231 0 -427 213 0 1
343 344 -343 3126.14 -112 -87 2 104 -189 1 2
344 345 -342 53.9416 -441 230 1 -364 295 2 1
345 -338 346 -175.087 -386 -40 2 -189 -75 1 2
346 347 -341 -484.697 -297 -329 3 -331 166 2 2
347 -339 -340 0 -127 -121 2 59 193 1 2
348 349 353 0 -434 182 3 -453 -136 2 2
349 -344 350 456.621 -130 -146 2 -376 307 2 1
350 -345 351 -843.203 80 -270 0 -134 -48 1 1
351 352 -348 -166.858 -78 272 0 -386 117 2 1
352 -346 -347 3545.8 -361 -25 2 -18 270 3 2
353 354 358 0 391 -106 2 405 135 1 1
354 -349 355 -1283.93 -375 61 3 188 20 3 2
355 -350 356 1052.94 88 45 0 -378 9 1 2
356 357 -353 503.78 428 104 2 -465 -64 1 2
357 -351 -352 -637.623 0 -322 0 221 -191 2 1
358 359 360 -1084.41 15 177 2 408 124 2 2
359 -354 -355 174.912 -8 -43 2 335 -355 3 1
360 -356 361 0 -87 225 3 406 158 2 2
361 362 363 0 66 -323 0 415 18 1 1
362 -357 -358 -668.237 -250 -23 2 105 20 1 1
363 364 365 0 -290 -295 2 130 -332 3 1
364 -359 -360 -2054.77 -83 301 1 -56 -298 2 2
365 366 368 0 -378 188 2 -403 216 2 2
366 -361 367 -1236.79 -103 -121 2 18 146 2 2
367 -362 -363 -650.566 242 -195 2 -364 170 1 2
368 369 371 0 462 -362 0 -453 24 0 2
369 370 -366 352.85 -134 204 3 -308 325 2 1
370 -364 -365 238.383 25 141 2 -363 13 1 2
371 372 374 0 203 180 1 304 -227 2 2
372 -367 373 0 -162 237 1 -186 -7 3 1
373 -368 -369 2124.35 164 -73 3 6 122 1 2
374 375 377 0 477 228 3 -396 222 0 1
375 376 -372 1317.34 38 141 3 -17 -135 1 2
376 -370 -371 82.8091 85 91 2 -83 0 1 1
377 378 387 0 363 -131 1 385 149 2 1
378 -373 379 -552.603 -5 -36 2 312 18 3 1
379 -374 380 -348.004 289 111 2 -47 167 0 1
380 381 -382 376.797 226 -166 0 435 -209 1 1
381 -375 382 -818.306 472 63 3 201 -159 3 1
382 -376 383 -1806.84 72 34 1 243 -162 1 2
383 384 -381 449.499 362 -178 2 432 172 2 1
384 385 -380 1570.74 275 -168 0 490 246 1 2
385 386 -379 -774 490 18 2 53 -89 1 2
386 -377 -378 599.063 336 18 2 96 253 1 1
387 388 390 0 -426 31 3 396 -198 1 1
388 -383 389 -2199.35 -194 -151 2 371 8 2 2
389 -384 -385 -597.522 -77 307 1 34 -133 0 1
390 -386 391 0 -8 185 0 358 227 1 2
391 392 395 0 -415 -327 2 406 7 1 2
392 393 -390 -495.939 497 -329 0 293 -172 2 1
393 -387 394 -2728.63 -484 -180 1 90 -132 0 2
394 -388 -389 511.206 229 125 1 -165 299 1 1
395 396 405 0 -413 -85 1 -441 -6 3 1
396 397 -400 571.132 -125 122 1 -317 -265 2 1
397 -391 398 -779.258 451 -172 2 -67 -163 3 1
398 -392 399 235.87 -416 -30 1 424 -325 1 1
399 -393 400 -1548.78 -333 -164 1 -82 -156 0 2
400 401 -399 -690.961 97 249 2 -439 101 0 2
401 -394 402 116.241 -87 92 0 -462 -71 1 1
402 403 -398 -316.348 -57 322 1 -302 105 1 1
403 -395 404 -1015.44 -387 134 1 -87 -121 0 2
404 -396 -397 -1342.17 348 55 2 -60 195 2 2
405 406 408 0 -495 94 2 393 197 3 2
406 -401 407 -3663.54 -331 -307 2 260 5 1 2
407 -402 -403 -3439.87 -82 -195 3 146 -31 1 2
408 -404 409 0 256 359 0 -413 -275 3 1
409 -405 410 0 -22 344 2 -429 209 1 1
410 -406 411 0 -253 -222 2 208 -305 1 2
411 412 418 -229.494 -303 -97 2 -433 -14 1 1
412 -407 413 -609.534 156 -273 1 -296 200 2 1
413 414 415 93.2642 9 168 0 359 -285 1 1
414 -408 -409 3137.2 -302 -121 2 -438 291 1 2
415 416 -413 602.158 -290 195 2 294 -304 0 1
416 417 -412 -1301.18 471 247 2 -406 127 1 2
417 -410 -411 -296.781 -96 212 3 -238 -18 0 1
418 419 423 0 487 119 1 321 225 2 1
419 -414 420 -2537.02 -205 -212 0 371 -41 3 2
420 421 422 3698.4 82 -128 1 -370 95 3 2
421 -415 -416 -1521.95 -158 34 1 215 -119 1 2
422 -417 -418 911.913 279 -107 1 465 358 2 1
423 -419 424 0 -207 -261 1 -447 20 1 1
424 -420 425 0 -279 308 0 -401 -330 2 1
425 426 948 4020.64 4 57 1 157 -217 2 2
426 427 429 0 -289 -272 1 389 194 2 2
427 428 -423 3482.67 -57 9 1 124 278 0 2
428 -421 -422 -3284.74 457 -144 3 323 3 2 2
429 -424 430 0 -244 -337 1 -353 236 1 1
430 431 436 0 -458 283 0 146 -334 0 1
431 432 -430 -252.802 -96 279 1 -82 -158 2 2
432 -425 433 -194.49 68 -76 2 -37 -80 2 2
433 -426 434 -3694.21 176 -7 1 -336 -216 0 2
434 435 -429 1607 -338 -143 1 470 359 1 2
435 -427 -428 -419.502 444 -236 2 -152 -185 3 2
436 -431 437 -229.87 -305 105 1 386 124 3 1
437 -432 438 0 -288 262 2 -428 -202 1 2
438 439 442 0 277 235 1 -439 -147 1 1
439 -433 440 253.789 20 67 1 468 -212 0 2
440 -434 441 67.6402 -247 23 3 -56 -191 3 1
441 -435 -436 -2031.53 261 -222 0 -392 -89 2 2
442 443 445 0 232 -67 3 -437 -154 2 2
443 -437 444 -91.8833 -90 147 0 -219 -101 1 1
444 -438 -439 3357.76 -72 -42 1 -306 -273 1 2
445 446 450 0 -294 251 3 -424 188 2 1
446 -440 447 1032.92 -316 -105 1 139 -320 3 2
447 448 449 2264.07 31 -86 1 -300 -179 3 2
448 -441 -442 202.082 -76 -34 1 273 294 3 1
449 -443 -444 -1578.44 63 106 2 -323 -76 1 2
450 -445 451 0 213 195 1 -412 -309 2 1
451 452 456 0 -303 231 1 -406 -284 1 2
452 453 -450 4080 -109 -319 2 -103 299 3 2
453 -446 454 -1666.42 -301 15 1 -139 4 1 2
454 -447 455 -422.232 163 -194 1 -254 -299 1 2
455 -448 -449 -176.38 402 -184 2 -302 -124 3 1
456 -451 457 0 454 328 0 208 -293 3 2
457 -452 458 0 -309 266 0 364 221 2 1
458 -453 459 0 68 210 2 234 235 2 1
459 460 461 0 14 190 3 -404 211 1 1
460 -454 -455 189.265 -168 -85 1 442 38 1 1
461 462 464 0 -340 199 2 393 160 3 1
462 -456 463 -2284.59 448 35 1 41 59 0 2
463 -457 -458 0 -204 293 1 150 182 1 1
464 465 -943 3497.22 367 37 2 493 -315 2 2
465 466 476 0 479 -181 3 -425 157 1 2
466 -459 467 -416.275 -327 -99 2 -259 -87 2 2
467 -460 468 268.416 -407 -30 2 -80 264 1 1
468 -461 469 199.714 -252 -51 3 -412 298 3 1
469 -462 470 -684.439 485 -273 1 -295 -78 2 1
470 471 -469 1123.17 -213 0 0 1 9 2 2
471 472 -468 -243.507 -365 235 2 -190 80 1 1
472 473 474 -2662.78 -460 218 3 -279 -109 2 2
473 -463 -464 0 -445 -28 2 -436 3 1 1
474 475 -467 709.202 -6 -14 0 246 16 0 1
475 -465 -466 -1871.63 -56 276 2 -331 31 1 2
476 477 478 0 -190 247 2 213 -272 2 1
477 -470 -471 -1857.4 -291 -168 2 -97 -164 2 2
478 -472 479 0 -212 -195 1 220 -248 1 1
479 -473 480 0 452 -299 1 247 235 0 1
480 -474 481 0 -460 243 1 -402 209 2 1
481 482 484 -888.3 -349 299 0 -314 119 0 1
482 483 -477 0 -351 -134 1 41 -144 1 1
483 -475 -476 2515.37 -41 -16 1 -167 -278 0 2
484 -478 485 0 465 214 1 302 -224 2 2
485 486 489 0 -325 142 0 314 -222 1 2
486 -479 487 682.618 83 -160 1 -319 191 2 2
487 488 -482 -2741.48 45 336 1 28 -73 2 2
488 -480 -481 -969.136 -4 122 3 -47 68 3 2
489 490 491 0 -235 -191 1 -405 -206 0 2
490 -483 -484 1457.27 -399 62 3 -466 218 1 2
491 492 494 0 377 -14 1 370 192 2 1
492 493 -487 974 -35 -49 1 389 260 2 1
493 -485 -486 908.519 292 1 1 -155 58 2 1
494 495 499 0 -470 248 2 -425 -175 2 1
495 496 -492 1859 -383 143 1 -197 -303 1 2
496 497 -491 768.151 -195 -131 1 448 -166 1 1
497 498 -490 744.313 -160 -21 1 427 253 1 1
498 -488 -489 -1662.01 200 129 0 -225 -184 2 2
499 500 501 0 468 -286 2 363 142 1 2
500 -493 -494 0 -193 -170 3 375 -206 3 1
501 502 504 -4068.93 184 278 2 -138 -74 0 2
502 503 -497 -4023.85 -382 -88 1 102 -58 2 2
503 -495 -496 -438.931 -183 252 1 115 63 0 1
504 -498 505 0 -168 -227 3 14 -353 2 1
505 506 508 0 -271 -186 2 -399 -212 3 2
506 507 -501 0 254 -164 0 -167 -226 1 1
507 -499 -500 1565.9 -135 75 2 144 41 1 2
508 509 947 2563.55 45 230 1 -360 -205 0 2
509 510 511 0 -202 -301 1 377 -212 2 1
510 -502 -503 -64.8635 314 54 1 319 -23 3 1
511 512 514 0 488 139 1 382 -69 1 1
512 513 -506 2332.13 87 -36 1 10 95 1 2
513 -504 -505 -1585.35 240 270 1 -90 73 1 2
514 515 516 0 -445 177 1 214 -250 3 1
515 -507 -508 0 59 332 0 -32 140 2 2
516 517 524 0 204 -299 1 367 -49 1 2
517 518 -516 1964.03 -12 -110 3 -109 -274 2 2
518 -509 519 -985.474 125 -86 0 217 -195 2 2
519 520 -515 -936.9 473 184 2 144 86 2 2
520 521 -514 654.91 164 -207 0 -261 -170 2 1
521 -510 522 -1636.7 193 326 3 31 -131 2 2
522 -511 523 -589.348 462 -172 3 -42 -142 2 1
523 -512 -513 2564.37 205 53 2 12 -210 0 2
524 525 526 0 -90 -345 0 357 -203 1 1
525 -517 -518 960.961 -93 -177 1 41 75 1 2
526 -519 527 0 -380 191 2 351 220 0 1
527 -520 528 0 -393 113 2 -414 192 1 2
528 529 945 3717.23 -132 87 1 188 187 3 2
529 530 542 0 92 -331 1 352 -186 2 2
530 -521 531 -3661.48 -25 -308 2 306 -77 2 2
531 532 -533 3844.27 198 -78 3 -293 296 2 2
532 -522 533 0 259 254 3 336 177 2 2
533 534 535 225.769 -58 -64 2 156 -304 3 1
534 -523 -524 -1079.41 444 252 1 34 -16 1 2
535 536 -532 -225.736 -467 -164 3 -118 -96 1 1
536 -525 537 -2795.46 468 83 2 146 58 3 2
537 -526 538 0 295 261 3 -128 166 2 2
538 -527 539 331.19 223 -148 2 432 28 0 1
539 540 -531 -409.567 -85 340 2 315 92 1 2
540 541 -530 -69.428 -195 281 3 -43 34 1 2
541 -528 -529 0 -165 -256 1 181 158 1 2
542 -534 543 0 -484 -19 0 -404 -294 0 2
543 544 545 0 428 -241 1 359 130 1 2
544 -535 -536 524.034 329 55 0 208 -309 1 2
545 546 548 0 -57 -208 0 161 -326 0 1
546 547 -539 2.84408 -329 -14 0 354 225 3 2
547 -537 -538 2017.99 180 -308 1 97 -370 2 2
548 549 550 0 -339 -273 3 20 -341 2 2
549 -540 -541 0 -61 362 3 -349 -307 1 2
550 -542 551 0 -104 167 2 212 -254 3 2
551 -543 552 0 393 16 2 60 246 1 2
552 553 556 0 494 -98 2 97 -341 3 1
553 554 555 4080 125 -281 2 123 334 2 2
554 -544 -545 0 -267 289 0 110 -306 2 2
555 -546 -547 -596.269 209 -184 3 -75 -74 2 1
556 -548 557 0 108 201 3 -395 211 0 2
557 558 564 0 309 274 3 335 195 3 1
558 -549 559 -3434.63 -280 -26 0 -98 -77 2 2
559 -550 560 -2116.67 130 -122 1 137 122 3 2
560 561 -555 -362.372 -340 34 1 -108 -35 2 1
561 -551 562 -3635.92 -235 220 2 -74 -151 0 2
562 563 -554 2716.98 -140 21 3 9 56 3 2
563 -552 -553 3208.92 338 165 3 440 -274 1 2
564 565 -937 977.025 -241 78 3 119 -303 1 1
565 566 572 0 32 217 3 -417 176 3 1
566 567 -562 3737.2 -55 -157 2 236 -312 2 2
567 -556 568 0 -438 161 1 24 200 1 2
568 569 -561 1840.4 -69 126 1 -499 -39 0 2
569 -557 570 -3492.89 -405 322 1 14 -2 2 2
570 -558 571 563.969 11 141 2 -482 75 1 2
571 -559 -560 1246.06 -128 146 2 -447 -79 0 2
572 573 575 0 141 -330 1 319 210 2 1
573 -563 574 -506.35 -318 -221 3 10 -106 3 1
574 -564 -565 283.705 260 137 2 -292 -121 0 1
575 576 579 0 -330 194 2 -398 -297 1 1
576 -566 577 1615.59 81 -309 1 -319 323 1 2
577 -567 578 1621.84 -247 -277 3 52 -93 2 2
578 -568 -569 -1002.43 -418 -337 1 -111 -246 2 1
579 -570 580 -346.138 496 -191 0 306 -204 1 1
580 581 930 585.309 324 36 3 179 179 0 1
581 582 585 0 20 -348 2 271 -221 1 2
582 583 -574 37.1217 -218 -18 0 176 -210 1 1
583 -571 584 0 254 178 2 -190 115 2 2
584 -572 -573 -1989.06 -77 -124 2 231 -114 1 2
585 586 587 -918.377 -150 -157 0 -311 -215 2 1
586 -575 -576 -691.315 -423 306 1 -24 -203 1 1
587 588 595 0 255 372 0 317 -188 3 2
588 589 -584 -769.547 53 191 3 -19 -138 2 2
589 590 594 -1604.33 113 -225 1 294 -108 0 2
590 -577 591 -1835.26 -64 -260 1 -168 73 0 2
591 -578 592 1144.49 99 -177 1 193 -307 1 2
592 -579 593 253.598 -57 -147 3 -481 207 1 1
593 -580 -581 -2041.12 -254 93 1 224 -67 0 2
594 -582 -583 -1185.51 -201 27 0 204 -109 1 2
595 596 929 1856.66 268 -190 1 -407 238 0 2
596 -585 597 0 387 -112 2 116 -339 3 1
597 598 -918 2074.85 -356 229 1 279 261 0 2
598 -586 599 0 192 -211 1 357 77 1 2
599 600 619 0 -455 2 3 252 -205 0 2
600 -587 601 -1460.71 215 159 0 -69 66 3 2
601 602 -606 -152.586 -411 136 0 0 15 1 2
602 -588 603 0 63 -319 1 -194 -233 2 1
603 604 -605 -369.35 -345 -297 2 220 55 3 2
604 605 -604 3560.83 -112 -96 2 439 -176 0 2
605 -589 606 -3380.76 -272 129 2 -198 -125 1 2
606 -590 607 -3427.73 224 178 1 -130 -101 2 2
607 -591 608 0 412 271 2 216 -228 2 1
608 -592 609 -2107.19 425 -254 2 38 152 2 2
609 610 -603 3871.88 -45 -27 1 56 -225 0 2
610 -593 611 433.605 197 -123 1 -288 -183 1 1
611 612 -602 -1648.8 -39 251 0 210 -69 1 2
612 -594 613 -1949.57 -180 222 0 -144 109 0 2
613 -595 614 -1699.97 -299 -202 0 -172 -140 2 2
614 615 -601 -387.263 -479 102 2 223 -110 0 1
615 -596 616 -95.1139 -96 267 1 280 -188 1 1
616 -597 617 -142.964 -267 -76 1 -96 -222 1 1
617 -598 618 1965.18 249 -65 1 -359 110 3 2
618 -599 -600 600.372 44 -52 1 261 -150 2 1
619 -607 620 0 -75 -347 2 291 -196 1 2
620 621 624 0 -76 -164 1 196 -295 3 2
621 622 623 168.376 195 -313 3 247 -293 1 2
622 -608 -609 1020 30 -302 0 -440 0 2 1
623 -610 -611 4009.03 -292 -318 2 -323 203 2 2
624 625 629 0 232 158 3 347 -59 0 1
625 626 -616 3521.31 55 -50 2 13 -245 1 2
626 -612 627 790.981 79 -30 1 -149 -268 2 2
627 628 -615 -533.627 -174 48 2 211 100 2 1
628 -613 -614 0 -258 120 2 68 -147 2 2
629 630 631 0 -383 103 0 -340 -339 3 2
630 -617 -618 342.059 -143 -87 1 208 89 1 2
631 632 634 0 361 156 2 -419 163 2 2
632 -619 633 359.287 -175 85 1 0 363 2 1
633 -620 -621 340.178 -96 -132 0 -348 71 2 1
634 635 643 0 -264 211 1 -417 -100 2 1
635 -622 636 0 -230 167 2 -182 -203 0 2
636 -623 637 1163.66 -37 -50 3 452 -134 0 2
637 638 -630 -124 -400 319 3 -48 51 0 1
638 -624 639 182.38 -138 21 3 491 315 2 2
639 640 -629 672 -2 -5 1 -482 -27 1 1
640 641 -628 -1464.88 113 38 1 -306 -12 2 2
641 -625 642 -2257.16 -35 83 0 -382 -29 1 2
642 -626 -627 -2717.36 189 -267 1 -391 -82 3 2
643 644 648 0 -150 -307 0 287 214 1 1
644 645 646 2980.09 -62 -79 1 -417 -192 2 2
645 -631 -632 -191.432 -264 196 2 -43 -21 2 1
646 -633 647 906.064 255 -106 3 -55 -219 2 1
647 -634 -635 336.822 306 171 1 423 343 2 2
648 -636 649 0 250 170 1 337 73 3 1
649 650 651 0 280 147 1 194 -297 2 1
650 -637 -638 0 -16 -364 2 -19 -308 1 2
651 652 927 979.149 -352 -97 3 -244 80 2 1
652 -639 653 0 -5 177 3 201 236 1 1
653 654 655 0 -465 -180 1 333 -182 1 2
654 -640 -641 -620.028 -424 -27 1 124 -169 3 1
655 -642 656 0 -358 202 1 -398 -285 1 1
656 -643 657 -3992 159 102 2 194 -105 2 2
657 -644 658 -467.909 248 -69 1 267 198 0 2
658 659 663 0 -406 169 1 -415 -161 2 2
659 660 -649 449.928 -222 124 0 274 -203 1 1
660 -645 661 -548.02 66 -56 2 39 134 2 2
661 662 -648 -115.573 -190 215 1 -187 52 1 1
662 -646 -647 1463.76 -329 2 1 -354 152 3 2
663 -650 664 0 -455 82 2 345 -169 1 2
664 665 666 0 -424 90 1 -252 239 3 2
665 -651 -652 575.224 18 -13 2 192 -162 1 1
666 667 668 0 -211 364 3 347 82 0 2
667 -653 -654 1089.41 -59 -75 3 -148 294 3 2
668 669 674 0 -385 318 1 117 240 2 2
669 670 673 261.441 -217 -71 2 -359 67 2 2
670 671 -658 1808.64 -143 -43 3 117 -279 2 2
671 -655 672 0 16 -388 1 -196 197 1 2
672 -656 -657 -1544.69 -28 -210 2 -52 -77 2 2
673 -659 -660 -496.528 325 -367 1 29 -21 2 1
674 -661 675 -1559.73 168 127 0 296 1 1 2
675 -662 676 0 -414 304 0 345 34 0 1
676 677 678 0 307 -195 0 308 203 2 1
677 -663 -664 978.074 187 -40 0 -35 -162 2 2
678 679 682 0 -167 -398 1 -394 199 2 1
679 -665 680 -365.481 -18 -212 2 -149 124 2 1
680 -666 681 -2498.41 92 -97 1 -384 -7 0 2
681 -667 -668 487.53 -100 149 1 240 -3 1 1
682 683 688 0 -439 316 0 247 -204 2 1
683 -669 684 -2958.35 110 -385 0 218 33 0 2
684 685 -674 -859.511 388 -208 3 3 17 1 2
685 -670 686 -3767.89 482 328 0 3 -164 2 2
686 687 -673 2612.4 170 -153 0 -68 -292 2 2
687 -671 -672 0 -437 251 1 23 -226 2 1
688 -675 689 0 470 -276 2 -405 -215 2 2
689 -676 690 -891.22 230 -102 2 -369 -272 1 1
690 691 694 0 75 275 0 285 207 2 1
691 692 693 0 209 252 1 -150 -134 3 1
692 -677 -678 -689.053 -204 110 3 -14 -102 0 1
693 -679 -680 106.631 300 -69 0 268 237 2 1
694 -681 695 0 462 -281 2 -417 -152 1 2
695 696 697 0 122 165 0 339 58 1 1
696 -682 -683 389.04 40 186 1 -232 -25 2 1
697 698 700 0 272 1 2 -376 -287 1 1
698 -684 699 0 331 -158 0 -213 -333 2 2
699 -685 -686 -1728.09 -154 87 2 -236 2 2 2
700 701 702 0 129 -272 3 291 205 0 2
701 -687 -688 147.664 140 -54 2 -221 140 1 1
702 -689 703 0 -145 -300 1 -400 -250 0 1
703 704 924 2009.41 -399 45 0 216 77 1 2
704 -690 705 0 -352 9 2 313 -190 1 2
705 706 717 0 -347 -187 1 -354 199 2 1
706 707 -702 4004.47 -117 -91 3 311 -136 2 2
707 708 709 -2038.48 -316 -70 1 136 87 2 2
708 -691 -692 0 298 73 1 -114 223 3 1
709 710 715 -1766.93 221 -76 2 -169 -66 3 2
710 -693 711 2022.14 -243 -22 0 465 82 0 2
711 -694 712 0 -5 284 0 -374 -139 1 1
712 713 714 1760.98 -368 36 1 303 -285 1 2
713 -695 -696 64.2326 -117 73 1 -378 137 3 1
714 -697 -698 790.49 120 97 2 226 99 1 2
715 -699 716 -517.898 -446 -184 2 -91 204 0 1
716 -700 -701 -1354.18 -347 -67 2 -255 -4 1 2
717 718 720 0 256 -71 0 319 153 1 2
718 719 -705 141.821 10 -119 2 -216 328 3 1
719 -703 -704 -1136.82 -279 -220 1 -118 16 1 2
720 721 730 0 -26 -324 1 -364 156 1 1
721 722 723 0 210 -230 2 -159 -238 1 2
722 -706 -707 -133.114 238 41 2 17 144 0 1
723 -708 724 0 -398 130 0 -366 -202 1 1
724 725 -715 441.74 -22 112 1 -82 78 1 1
725 726 727 242.567 -349 -111 1 323 -326 2 1
726 -709 -710 0 250 320 1 -112 -172 1 2
727 728 -714 -2065.48 -153 94 1 89 -162 3 2
728 -711 729 -3503.63 -464 -77 0 -22 -68 0 2
729 -712 -713 95.4535 -185 -103 1 -359 -159 3 2
730 731 733 -875.006 -3 -175 2 255 -88 2 1
731 -716 732 -3670 -398 -144 1 29 29 1 2
732 -717 -718 -915.852 374 -40 0 -6 -95 0 1
733 734 737 0 271 -215 1 -403 133 1 2
734 735 -722 -2107.46 434 -163 2 17 -134 2 2
735 736 -721 511.081 -344 35 3 -101 231 0 1
736 -719 -720 -2593.51 -493 95 1 -14 -188 2 2
737 -723 738 0 -331 -189 1 338 65 1 1
738 -724 739 0 -340 308 1 -406 -178 2 2
739 740 922 2744.06 -374 -89 2 -259 -240 2 2
740 741 899 3457.54 213 90 1 -222 67 0 2
741 742 756 0 -298 -267 3 -318 -291 3 2
742 743 744 -469.602 197 205 1 -236 -137 3 1
743 -725 -726 1409.45 -38 29 0 341 190 0 2
744 745 -739 2478.04 -186 -306 2 68 -195 1 2
745 -727 746 1563.21 -193 -287 2 -310 -368 2 2
746 747 -738 502.944 36 -309 2 -153 168 3 1
747 748 755 4.60573 67 -173 1 -81 -202 1 2
748 749 750 -2059.01 365 -327 2 -132 -309 0 2
749 -728 -729 3514.37 -80 -47 1 367 -299 1 2
750 751 -735 21.0669 -360 52 3 -169 -325 1 1
751 -730 752 0 382 -225 1 58 -39 3 2
752 753 -734 -1091.26 -297 31 1 -99 -108 2 2
753 754 -733 111.327 -114 -146 1 27 -75 1 1
754 -731 -732 -831.761 398 213 3 -178 -22 1 2
755 -736 -737 -214.368 301 322 1 -76 57 1 1
756 757 758 -867.789 -315 -150 2 251 61 2 1
757 -740 -741 -96.5372 278 -105 1 -38 173 3 2
758 759 762 0 320 144 0 253 223 2 2
759 760 -745 -391.636 -260 -13 1 222 8 3 1
760 -742 761 0 419 -104 1 279 -100 2 1
761 -743 -744 -234.981 366 146 1 -222 -41 2 1
762 763 894 997.592 207 222 0 385 109 0 2
763 764 872 1020 163 -256 0 473 -237 2 1
764 765 766 0 -359 -223 0 170 -315 0 1
765 -746 -747 -2283.19 188 1 3 81 -254 1 2
766 767 776 0 337 136 2 307 -179 2 2
767 -748 768 355.025 288 -75 1 91 -291 2 1
768 769 -757 422.752 -184 126 2 -371 68 3 1
769 770 771 440.131 -44 -72 1 -233 -120 1 1
770 -749 -750 -489.987 452 215 2 -131 -182 2 1
771 -751 772 0 -182 124 2 28 182 2 2
772 773 775 -309.242 428 -262 2 -32 92 0 1
773 -752 774 2003.09 161 -124 2 -366 334 2 2
774 -753 -754 2387.86 212 -155 1 -2 -223 1 2
775 -755 -756 658.297 -53 3 1 -307 1 1 2
776 777 780 0 -110 186 3 -284 -325 2 2
777 778 -761 -128.707 290 -315 2 -152 -107 3 1
778 -758 779 0 -473 -147 1 -359 -330 0 1
779 -759 -760 382.127 -138 50 3 413 -168 2 1
780 781 783 0 56 241 1 204 -264 1 1
781 782 -764 -134.139 -114 192 1 -134 45 2 1
782 -762 -763 -2773.06 -92 135 0 57 -29 2 2
783 -765 784 0 457 111 3 181 -303 1 1
784 -766 785 0 -131 205 2 170 -309 1 1
785 -767 786 0 452 -94 2 -97 -332 1 2
786 -768 787 0 240 16 1 301 -28 2 2
787 788 789 0 222 204 3 287 -107 2 2
788 -769 -770 -824.138 125 321 1 60 44 1 1
789 790 796 0 412 190 3 252 -156 1 1
790 791 793 -3404.88 -454 -198 2 -222 -142 1 2
791 792 -773 -3332.73 19 313 1 239 -41 1 2
792 -771 -772 -3638.58 469 92 1 40 -78 2 2
793 -774 794 -470.934 202 43 1 -239 149 2 1
794 -775 795 3833.04 -64 -97 1 484 1 0 2
795 -776 -777 1724.72 174 9 2 -417 119 0 2
796 -778 797 0 -341 -334 0 -372 -300 0 1
797 798 800 0 174 -29 1 -377 -280 1 2
798 799 -781 -1914.83 155 -174 2 9 -254 0 2
799 -779 -780 -342.565 146 394 0 -383 -96 0 2
800 801 803 0 -173 -225 2 -369 -255 0 1
801 -782 802 3806.08 -96 -64 0 -162 213 0 2
802 -783 -784 2182.74 -4 47 1 288 -245 1 2
803 804 807 0 -489 54 3 258 204 2 1
804 805 -788 -175.842 499 75 1 -77 -81 2 1
805 -785 806 -642.197 486 -73 3 28 -72 3 2
806 -786 -787 -226.51 -47 -150 0 -21 142 0 1
807 808 810 0 -309 -105 2 -398 -78 2 2
808 -789 809 250.992 -139 -103 0 -218 247 3 1
809 -790 -791 0 99 -326 3 -284 129 1 2
810 811 816 -536.499 -252 -301 1 -116 -303 1 1
811 -792 812 2347.75 104 -103 0 328 -120 1 2
812 -793 813 -3054.59 -85 -344 1 -77 -231 1 2
813 814 -797 1637.82 -116 -24 3 -6 169 2 2
814 815 -796 423.76 -138 39 1 -214 217 3 1
815 -794 -795 705.869 -93 -18 3 303 329 0 1
816 817 820 0 92 -166 1 282 179 2 1
817 818 -801 353.883 -103 187 1 234 151 3 1
818 819 -800 835.605 -93 15 0 -287 250 1 1
819 -798 -799 741.971 -116 -127 1 -48 331 0 1
820 821 824 0 130 -142 2 216 215 1 1
821 -802 822 1047.03 -252 103 0 367 186 2 2
822 -803 823 0 53 -284 2 241 124 3 1
823 -804 -805 0 494 -62 2 -268 32 2 1
824 825 867 -313.972 305 -136 2 -74 -64 3 2
825 826 831 0 77 282 2 246 -182 2 1
826 -806 827 0 135 278 3 -167 177 0 1
827 828 829 476.428 205 39 1 -264 -61 1 2
828 -807 -808 1748.13 -103 -56 3 287 62 0 2
829 830 -811 -737.451 -393 -163 2 -44 -158 3 2
830 -809 -810 -2067.43 346 101 2 -245 -180 2 2
831 832 833 0 403 -296 1 -301 -295 3 2
832 -812 -813 -954.872 -22 167 2 -131 -25 3 1
833 834 841 0 -372 -264 1 271 137 1 2
834 -814 835 0 -311 -20 1 -49 197 3 1
835 -815 836 -3817.9 484 -82 1 180 -7 2 2
836 -816 837 -2328.46 431 196 1 -46 177 2 2
837 -817 838 0 -75 -140 2 268 189 0 2
838 839 -821 901.987 -48 37 0 -80 -180 0 1
839 -818 840 -433.766 302 -174 1 -152 36 2 1
840 -819 -820 -594.793 90 -95 3 -138 -68 1 2
841 -822 842 0 -375 -390 1 274 76 2 2
842 843 845 0 -284 258 1 173 -290 2 2
843 -823 844 0 -368 12 0 197 -74 3 1
844 -824 -825 -503.741 265 -323 2 -214 -235 1 1
845 846 849 0 -360 -352 0 -182 -325 3 2
846 847 -829 2140.49 -15 -159 3 -89 120 1 2
847 848 -828 448.363 -115 -83 2 239 28 2 1
848 -826 -827 834.29 135 -303 2 -335 369 2 2
849 -830 850 0 188 -296 3 239 218 1 1
850 851 853 0 -40 -293 1 122 -297 0 2
851 852 -833 3290.6 -110 -22 1 -334 -361 2 2
852 -831 -832 -1939.5 -162 369 2 -54 -34 2 2
853 854 866 0 -230 208 2 263 -81 3 2
854 855 -846 656.061 -225 30 3 353 209 1 1
855 -834 856 -513.373 308 190 2 -154 48 1 1
856 -835 857 -4051.87 103 205 3 53 -134 1 2
857 858 -845 424.749 -145 91 2 -446 -102 1 1
858 -836 859 -848.274 366 213 1 -40 47 1 1
859 -837 860 -692.472 -52 206 2 -181 -114 3 1
860 -838 861 -1446.46 166 -332 2 259 131 3 2
861 862 -844 -193.265 270 178 1 12 -114 1 1
862 -839 863 -168.241 36 208 0 26 191 1 2
863 864 -843 3757.88 -14 -91 1 44 147 3 2
864 865 -842 -512.62 -472 107 1 119 -78 1 1
865 -840 -841 498.456 -18 -123 3 -432 248 3 2
866 -847 -848 0 -316 295 3 -147 -321 1 1
867 -849 868 -4076 272 -176 1 154 -83 1 2
868 869 -854 3509.84 -166 71 0 416 157 2 2
869 -850 870 68.9206 -85 -116 2 375 279 1 1
870 871 -853 1020 151 -90 2 -227 341 2 1
871 -851 -852 -535.809 421 -253 3 -45 140 2 1
872 -855 873 3873.09 -166 -186 2 14 119 3 2
873 874 -877 -3487.07 -53 209 2 -149 -186 1 2
874 -856 875 0 453 54 2 194 105 1 2
875 876 -876 1045.06 -285 -312 2 -255 117 3 2
876 -857 877 -4028.49 466 213 3 104 -134 2 2
877 -858 878 0 -320 -29 1 192 -299 1 2
878 879 880 0 -373 -374 2 -213 111 2 1
879 -859 -860 385.083 23 107 1 -192 -310 1 1
880 -861 881 0 -68 277 1 192 96 1 1
881 -862 882 0 -193 135 0 197 44 3 2
882 -863 883 4079.05 31 -234 1 421 288 1 2
883 -864 884 535.934 -32 -234 0 -3 69 0 1
884 -865 885 -3061.48 -489 277 2 96 60 0 2
885 -866 886 205.825 -174 54 0 -472 -285 0 1
886 -867 887 0 309 -273 0 -328 -298 1 2
887 888 -875 2431.41 -1 -302 3 109 -347 3 2
888 -868 889 78.2688 -205 -61 3 299 6 0 1
889 -869 890 4080 -52 -237 2 -5 159 1 2
890 891 892 80.6549 -122 -281 3 -210 139 1 2
891 -870 -871 -570.216 341 102 0 103 55 1 1
892 893 -874 -512.269 133 38 3 92 -206 1 2
893 -872 -873 43.371 -331 57 1 -384 322 0 2
894 -878 895 0 409 287 1 -282 -120 2 1
895 -879 896 0 -426 48 1 247 -10 2 2
896 -880 897 0 460 181 2 -280 -16 0 2
897 -881 898 295.668 199 3 1 -227 331 2 1
898 -882 -883 -935.448 458 -317 2 -266 -59 1 2
899 900 921 1874 -162 -51 2 -225 0 0 2
900 -884 901 0 -192 -179 1 263 -62 3 2
901 902 920 2472.78 65 -173 2 -119 -360 1 2
902 903 -903 3284.73 256 132 1 337 -173 0 2
903 904 -902 -1956.75 -227 -180 3 -83 -152 1 2
904 905 -901 812.199 173 134 0 -156 -221 1 1
905 906 -900 428.598 -171 -3 3 -323 43 1 1
906 907 908 -2305.49 -94 347 3 231 -188 1 2
907 -885 -886 359.663 244 -151 2 -225 285 1 1
908 909 -899 -127.498 -352 -19 1 70 25 1 1
909 -887 910 -611.454 -37 -176 2 -28 13 0 1
910 911 -898 525.259 -83 -202 2 200 -300 2 1
911 -888 912 -1873.45 -39 -390 1 -70 -72 3 2
912 -889 913 -2335.43 -21 292 0 75 153 2 2
913 914 915 -1009.15 47 -208 0 234 117 1 1
914 -890 -891 111.553 -154 -63 2 359 -337 3 2
915 -892 916 0 -32 341 2 251 52 2 2
916 -893 917 -388.39 179 -288 2 -36 185 0 1
917 918 -897 -1186.67 -351 153 1 -158 -158 1 2
918 919 -896 283.266 232 -188 3 -179 -276 1 1
919 -894 -895 -1701.34 237 111 1 -44 28 0 2
920 -904 -905 -893.093 272 -280 2 -13 180 3 2
921 -906 -907 1809.68 -138 -100 2 255 395 2 2
922 -908 923 0 406 -133 1 -223 -229 1 2
923 -909 -910 0 -328 199 3 -361 -185 2 2
924 925 -914 2164.32 -137 107 3 -130 -289 1 2
925 -911 926 -597.997 -357 231 2 20 -142 0 1
926 -912 -913 0 141 241 1 -316 -164 2 1
927 -915 928 0 298 -93 3 131 -146 0 1
928 -916 -917 0 305 216 3 122 -262 2 1
929 -919 -920 718.528 291 112 1 -403 206 3 1
930 931 -936 3681.3 290 -194 1 -439 -30 1 2
931 -921 932 -3204.09 -109 128 0 187 -36 3 2
932 -922 933 -3399.21 -210 -296 2 330 47 2 2
933 934 -935 940.881 182 -148 3 -403 -160 1 1
934 935 -934 3192.4 323 -35 3 -233 -105 3 2
935 -923 936 -1054.26 -68 -97 1 192 -136 1 2
936 -924 937 0 448 -156 2 151 -187 2 2
937 938 -933 1397.38 122 105 1 400 -166 2 2
938 -925 939 73.0184 -42 -58 3 -108 118 3 1
939 -926 940 -384.398 247 -18 2 35 -46 1 1
940 941 -932 625.455 129 -124 3 259 325 2 1
941 942 -931 -181.879 -70 -194 1 94 -151 1 1
942 943 -930 -348.719 -272 292 1 145 -144 0 1
943 944 -929 1732.25 200 135 1 370 27 3 2
944 -927 -928 350.929 256 113 3 291 320 1 1
945 -938 946 0 110 -367 2 -167 196 1 1
946 -939 -940 -305.458 -206 -268 0 41 -18 0 1
947 -941 -942 2747.24 -174 50 0 292 4 2 2
948 -944 -945 3001.08 -52 75 2 -252 -266 2 2
949 950 951 -2092.27 -51 274 2 223 -30 2 2
950 -946 -947 1097.95 204 92 3 -291 251 1 2
951 -948 952 364.367 122 -11 2 -230 -86 2 1
952 -949 -950 -1616.15 327 98 2 455 -122 1 2
953 -952 954 -934.857 -86 -219 2 -95 -45 0 1
954 -953 955 0 -121 119 2 438 -167 3 2
955 956 961 0 -270 300 0 416 110 2 2
956 -954 957 -1936.63 -38 74 1 372 -94 3 2
957 958 -959 -122.546 -415 -48 3 -69 6 2 2
958 -955 959 0 96 347 1 211 154 3 2
959 -956 960 277.507 285 -185 3 3 -151 1 2
960 -957 -958 474.277 109 134 1 367 199 1 2
961 -960 962 0 -482 -74 3 148 172 1 2
962 -961 963 0 -183 328 1 223 -230 3 2
963 -962 -963 -888.375 442 -290 1 -48 -201 1 1
964 -964 -965 257.259 11 24 3 30 84 1 1
966
0 106.227 150.091 
1 107.214 157.667 
2 79.5 156 
3 64.9839 155.129 
4 91.9 158.8 
5 98.7727 159.182 
6 27.6818 -105.545 
7 17.9 -107 
8 -189.591 -149.455 
9 51.5 139.909 
10 -121 59.2778 
11 208.5 -16 
12 197.962 -22.9231 
13 61.5 146 
14 -223.857 76.9913 
15 -211.591 73.8182 
16 160.308 -71.9231 
17 242.263 27.0219 
18 247.3 38.9 
19 95.5 154 
20 93.1 130.5 
21 71.5 148 
22 81.5 148 
23 95.1667 148.833 
24 77.5 144 
25 97.5 144 
26 62.3148 137.37 
27 73.3 137.8 
28 98.78 138.12 
29 89.5 138 
30 210.875 10 
31 227.333 9.66667 
32 237.577 9.65385 
33 244.5 -24.5 
34 94.1364 123.318 
35 20.8333 105.667 
36 -69.6333 -169.317 
37 -229.5 -52 
38 -217.5 -52 
39 -195.667 -47.8333 
40 -204.67 -52.2979 
41 -194.318 -55.2727 
42 153 -73 
43 154.966 -64.7931 
44 59.9 132.2 
45 82.0455 139.545 
46 78.0556 132.778 
47 -93.1667 -166.348 
48 -112.462 -164.987 
49 -108.167 -175.167 
50 57.1667 -97.6667 
51 -151 -165.409 
52 -120 -174.5 
53 -127 -174.5 
54 -135 -174.5 
55 -142.571 -174.214 
56 7.32353 87.8824 
57 31.7143 109.19 
58 82.8488 123.698 
59 25.5 91 
60 -121 -165.5 
61 53.2895 127.421 
62 73.5 125 
63 65 124.25 
64 -157.571 -159.786 
65 -131 -167.5 
66 -142 -167.5 
67 213.333 57 
68 203.143 59.5143 
69 -53.7 -125 
70 -38.1667 -122.667 
71 -216.962 54.7692 
72 -232.318 53.4545 
73 -225.115 56.1538 
74 -224.974 46.6316 
75 -217.026 44.8421 
76 -232.5 43.2308 
77 -216.5 63 
78 -224.6 63.2 
79 -232.367 61.7333 
80 92.5 108.5 
81 243.5 1.5 
82 244.971 10.7941 
83 -58 -158.5 
84 71.6333 -92.7333 
85 -137.968 50.2419 
86 60.5 -91 
87 73.0385 -87.9231 
88 241.664 -13.306 
89 -207.885 -37.8974 
90 -231.929 -35.2857 
91 -222.849 -38.6032 
92 89.5 104 
93 -136 -163.5 
94 -127.211 53.6579 
95 -116.667 55.1667 
96 -160.765 -150.088 
97 219.167 50.6667 
98 237.6 34 
99 238.2 27.4 
100 220.133 45.2667 
101 232.154 29.6154 
102 223.902 34.2195 
103 86.3889 94.8889 
104 86.5 110 
105 193.8 63.4 
106 -179.079 -50.1767 
107 -142 41.5 
108 -135 41.5 
109 -61.2903 -152.468 
110 -72.7222 -152.556 
111 -104 11.1154 
112 -114.032 6.1129 
113 52.7941 106.765 
114 155.158 -55.2105 
115 -1.83333 76.3333 
116 176.143 -45.8571 
117 163.346 -47.0385 
118 155.85 -47.35 
119 169.3 -65.4 
120 48.7 109.773 
121 61.6429 110.571 
122 62.5 103 
123 61.9615 117.308 
124 71.1364 117.727 
125 76.3125 107.844 
126 68.1 108.6 
127 77.5 90 
128 44.5 91 
129 62.1237 91.3871 
130 -122.143 49.6429 
131 -111.533 51.5667 
132 79.1 79 
133 66.4412 64.2941 
134 61.9762 71.4762 
135 73.2231 70.9692 
136 63.6667 79.1667 
137 204.63 47.411 
138 31.5 -103 
139 -118 43.5 
140 -127 43.5 
141 236.133 1.66667 
142 234.5 -19.5 
143 -202.5 78 
144 -234.5 -20 
145 188.909 61.2727 
146 -196.75 -36.625 
147 -183.583 -37.25 
148 -205.038 63.6154 
149 -62.3729 -137.059 
150 -235.5 20.5 
151 -231.5 20 
152 -225.17 28.7524 
153 -234.557 8.34286 
154 -102 52.5 
155 230.5 -24.5 
156 47.8333 -94.3333 
157 31.5 81 
158 56.5 70 
159 -134.929 -160.286 
160 148.333 -64.6667 
161 137.75 -74.35 
162 144.35 -71.1 
163 142.75 -62.5 
164 -230.5 -26 
165 -230.5 -17 
166 -230.9 -9.8 
167 157.389 -46.3889 
168 218.143 -8.71429 
169 217.467 -20.337 
170 230.5 -15.5 
171 -220.55 -22.75 
172 -169.5 -37 
173 -184.237 -38.7105 
174 9.13636 -110.273 
175 -151 -155.3 
176 -209.5 52 
177 164.111 69 
178 -210 -25.1 
179 -186.5 -26 
180 -197.7 -25.8 
181 -108.727 43.9545 
182 -99 44.5 
183 86.3243 -57.2162 
184 34.5 -96 
185 182.629 -32.3387 
186 -231.5 -1 
187 -231.5 11 
188 -237.3 15.6 
189 -221.5 14 
190 -221.614 -4.38636 
191 -234.944 6.61111 
192 -238.409 10.5909 
193 22.5 76 
194 10.5 76 
195 41.5 76 
196 96.4474 -74.4737 
197 105.786 -73.1429 
198 -174.367 -149.533 
199 226.48 -5.2 
200 136.433 -53.9 
201 -159.5 -55 
202 85.3095 -76.3333 
203 75.5625 -79.3125 
204 59.2037 -77.6296 
205 66.4231 -82.6923 
206 -20.3824 -118.176 
207 201 36 
208 210 36 
209 50.5909 -82.4545 
210 50.3 -72 
211 -210 8 
212 -201.895 6.57895 
213 -204.545 -4.36217 
214 -219.625 6.875 
215 -165.466 -122.241 
216 -160.921 -142.789 
217 -169.227 -145.182 
218 -175.401 -129.702 
219 -179 -136.833 
220 -179.3 -143.8 
221 -187.643 -131.857 
222 -193.2 -123.9 
223 234.438 13.9846 
224 233.5 37.5 
225 79.875 -51.0982 
226 179 66 
227 143.9 -46.76 
228 136.038 -46.9615 
229 -205.794 45.5294 
230 -202.5 53 
231 46.4091 -70.4545 
232 46.5 -82 
233 -220.045 32.4091 
234 -212.7 13.6 
235 -222.013 18.2434 
236 -204.621 13.8788 
237 32.1038 -44.7736 
238 30.2826 -55.8696 
239 40.1316 -85.4211 
240 32.0496 -75.3306 
241 38.1667 -66 
242 22.5 -82 
243 22.5 -95 
244 -90.1579 44.2895 
245 -83.2857 -154.071 
246 29.5 71 
247 16.5 -89 
248 16.14 -98.44 
249 -38.8 70.7333 
250 -98.1333 -154.567 
251 135.2 58.75 
252 142.833 65.6667 
253 143.467 49.8 
254 157.374 56.8788 
255 168.4 50.2 
256 132 48.5294 
257 179.725 54.525 
258 193 51 
259 167.667 -37.1667 
260 159.1 -38 
261 141.804 -40.2391 
262 152.688 -39.1563 
263 70.2273 57.9091 
264 52.5 63 
265 59.5 58 
266 -210.333 36.6667 
267 118.8 62.2 
268 34.5 66 
269 45.5 66 
270 23.5 66 
271 13.5 66 
272 -211.389 26.5185 
273 233.692 7.46154 
274 225.813 3.5625 
275 -185.318 -27.7727 
276 -176.559 -24.3431 
277 -189.571 3 
278 -197.706 -5.52941 
279 -181.311 -7.77483 
280 -190.026 -17.6579 
281 2.21429 66.7143 
282 -7.34211 67.2105 
283 -14.1364 64.8182 
284 120 55 
285 111 55 
286 -191.643 78.2857 
287 -20.6667 57.5 
288 -215.318 36.2273 
289 -201.5 40.5 
290 -201.833 23 
291 -218.958 21.6875 
292 -202.5 29.6364 
293 -200.5 39.8571 
294 -202.5 23 
295 219 10 
296 215.565 -1.17742 
297 184 44 
298 203.763 -22.5 
299 206.5 -11.8158 
300 217.5 -14.125 
301 218.607 16.6786 
302 216.5 36.5 
303 208.5 -16.0714 
304 209.738 39.4048 
305 204 -3 
306 201.982 12.8902 
307 199.5 41.5 
308 191.5 41.5 
309 207.375 -5.625 
310 196.657 -12.9412 
311 193.5 -23.5 
312 41.5 -32.2857 
313 124.71 -42.0154 
314 182.784 32.2784 
315 34.5 56 
316 58.1154 52.8462 
317 46.4714 55.6286 
318 69.1 53.4 
319 189.682 5.09091 
320 196.731 1.84615 
321 195.5 -17.4 
322 193.475 -9.975 
323 103.286 55.5714 
324 94.3636 54.2727 
325 23.5 57 
326 -161 -34.5 
327 -160.5 -46 
328 100.185 -48.0864 
329 -165.714 -138.214 
330 157.25 41.5 
331 166.833 42.3333 
332 167.641 30.7436 
333 -13.5 59 
334 -4.5 59 
335 13.5 59 
336 4.5 59 
337 64.5 47 
338 -194.382 66.7059 
339 -170.622 68.1633 
340 -184.225 68.3922 
341 -174 78.625 
342 -182.5 80 
343 -166.346 78.6154 
344 -206.231 38.4038 
345 -192.5 15 
346 -207.667 27.3333 
347 -208.477 14.1047 
348 -192.5 25 
349 161 -10.8 
350 182.643 -3.07143 
351 171.955 -13.4091 
352 167.871 -4.12857 
353 182.038 -12.8077 
354 181.125 -24.5 
355 175.734 -12.3305 
356 169.733 17.8513 
357 180.7 1.5 
358 176.1 -20.3222 
359 -52.6818 -126.636 
360 -63.7 -127.8 
361 -160.318 79.4545 
362 -145.052 70.2069 
363 -156.343 71.0588 
364 -194.079 35.9211 
365 -192.5 47 
366 -192.5 56 
367 72.5 -48 
368 90.3333 -47.6667 
369 82.6316 -46.4737 
370 -135.227 71.8182 
371 -136.595 78.7619 
372 -147.6 79.5 
373 167.5 1 
374 162.7 17.6 
375 156.1 15.2 
376 163.722 9.77778 
377 142.76 12.34 
378 152.5 18 
379 154.5 8 
380 156.045 2.90909 
381 158.786 -1.14286 
382 169.1 4.6 
383 166.5 -19 
384 150.5 -23.5 
385 158.941 -29.0678 
386 118.462 48.0769 
387 157.115 0.730769 
388 158.403 -17.8226 
389 170.5 -12 
390 157.333 -25.6667 
391 -194.409 8.77273 
392 -181.667 50 
393 -197.773 20.0455 
394 -182.5 42 
395 -198.419 30.6892 
396 -182.682 49.0909 
397 -182.25 36.25 
398 -182.5 31 
399 -196.3 27.3 
400 -183.167 56.8889 
401 148.5 46.5 
402 149.455 41.9091 
403 151.317 26.9286 
404 -170.609 -116.196 
405 -171.5 59 
406 10.5 -102 
407 -173.227 52.1818 
408 -191.5 5.72857 
409 -194.773 13.6818 
410 -173.357 35.5714 
411 -179.5 26 
412 -187.844 23.4219 
413 -173.731 46.3077 
414 137 45 
415 106.205 47.2051 
416 92 48 
417 78.5 47.5 
418 85.3333 49 
419 -189.596 18.3269 
420 -159 -138.5 
421 146.269 38.0385 
422 146.009 20.5818 
423 143.395 43.5526 
424 -119 38.5 
425 -82.88 -143.34 
426 -105.429 -140.214 
427 -92.4815 -146.389 
428 -105.529 -149.029 
429 -97.8462 -140.423 
430 -74.3333 -141 
431 147.475 -5.2062 
432 -169.682 -24.5 
433 -179.7 18.9333 
434 -179.1 3.6 
435 -190.45 5.7 
436 -180.15 11.975 
437 -185.864 7.13636 
438 -173.5 6 
439 -173.5 17 
440 -165.167 40.75 
441 -162.667 58.5 
442 -164.5 51 
443 -191.688 43.6875 
444 -178.259 40.4224 
445 -168 -122.5 
446 -164.118 -118.794 
447 -164.88 -106.78 
448 -163.6 -90.5 
449 -165.286 -96.9286 
450 -164 -128.5 
451 12 -88.75 
452 130 42 
453 39.5 46 
454 -145.5 62 
455 -154.5 61 
456 145.643 35.9286 
457 150.1 33.3 
458 148.167 23.0256 
459 -177.962 18.7308 
460 -165.5 5 
461 -164.5 33 
462 -173.857 5.28571 
463 -189.1 32.9 
464 -180.31 29.1667 
465 -165.045 22.8182 
466 -165.77 12.9054 
467 -180.944 13.2778 
468 -164.5 29 
469 -180 5.125 
470 17.7 -80.6 
471 19.3125 -70.4375 
472 23.5 -52 
473 55.9 45.1 
474 -144.605 60.2105 
475 -93.4545 33.7727 
476 -102.286 32.3571 
477 -111.167 30.1667 
478 77.75 -44.1 
479 110.5 -42 
480 94.5 -58 
481 97.7727 -42.3182 
482 84.6667 -40.3333 
483 -149.868 -52.7895 
484 -150.579 -36.5263 
485 127.959 27.2432 
486 123.3 44.7 
487 128.714 17.5714 
488 -179.265 -17.3235 
489 -164.638 -12.2759 
490 -179.682 -7.77273 
491 -179.9 0.433333 
492 -164.5 -3 
493 133 -26 
494 127.004 7.24025 
495 -78.1818 20.3182 
496 -82.8 27.9667 
497 -75.2 11.1 
498 -130.75 -157.5 
499 -140.318 -48.7273 
500 -140.7 -55.6 
501 -139.357 -39.1429 
502 152.206 -33.4118 
503 142.917 -33.5417 
504 151.333 -28.5 
505 138.435 -21.337 
506 148.5 -16 
507 19.5 -48 
508 19.5 -59 
509 128.367 -24.3667 
510 119.045 -21.7727 
511 124.405 -14.3095 
512 135.691 -21.7721 
513 143.1 -14 
514 120.5 -29.5 
515 141.318 -22.5455 
516 135.5 -34 
517 125.5 -30 
518 111.946 -27.3261 
519 110 39.2143 
520 -170.357 47.2143 
521 102.682 -35.7727 
522 111 -2 
523 117.1 -29 
524 117.654 -36.6154 
525 112 -14 
526 110.615 -8.46154 
527 123.6 -19.7 
528 109.2 -19.4 
529 108.181 -22.8792 
530 107.455 -31.9091 
531 117.633 -13.6 
532 126.731 -14.3077 
533 102.3 -28.9 
534 -160 -114.5 
535 124.433 8.53333 
536 113.13 15.0264 
537 -79 -132.929 
538 -72 -132.5 
539 -88.7059 -133.618 
540 -151.794 -142.235 
541 -122.589 -138.179 
542 14.1429 -61.7857 
543 -4.27381 53.7024 
544 -138 -150.5 
545 -150.824 -148.912 
546 -115 -150.5 
547 -125 -150.5 
548 -132.823 65.9355 
549 92.75 39.75 
550 103.167 61.3333 
551 94 29 
552 98.0892 20.8933 
553 105.25 19.5 
554 104.406 21.6875 
555 109.922 50.5778 
556 -156.5 52 
557 -171.654 38.1154 
558 -156.786 33 
559 -171.318 30.2273 
560 -163.971 16.9706 
561 -156.357 42.2857 
562 -166.154 4.38462 
563 80.6441 37.5085 
564 90.5952 62.2857 
565 86.1 69.6 
566 -156 -106.5 
567 -155 -138.5 
568 -156.125 -117.875 
569 -155.857 -127.786 
570 84.8985 -31.8901 
571 23.3182 -58.7273 
572 65.5 -41 
573 50.7553 -47.5106 
574 39.7 -45.1 
575 -118 -111.3 
576 -128.8 -133.5 
577 71.25 -52.25 
578 107.222 -20.2778 
579 98.3333 -18.3333 
580 83.2298 -24.0248 
581 93.8571 -50.5 
582 99.1 -9.8 
583 108.5 -11 
584 88.3 -16 
585 -123.286 -143.5 
586 109.709 8.21622 
587 21 -28 
588 24.5 -54 
589 7.71429 -24.8571 
590 13.8462 -22.8462 
591 21.1667 -50.3333 
592 16.4286 -21.2857 
593 2.9 -26.3 
594 23.2647 -39.1765 
595 10.0968 -53.75 
596 53.3182 -24.3636 
597 28.2059 -44.1176 
598 5.25 -34.25 
599 29.8289 -27.375 
600 20 -30 
601 18.5 -44 
602 5.9 -36.5 
603 11.4231 -29.6538 
604 12.5263 -31.2105 
605 26.7222 -49.7778 
606 10.3182 -42.5455 
607 64.9667 -20.8 
608 -56.8 -102.7 
609 -57 -110.5 
610 -57 -118.5 
611 -57 -125.5 
612 116.3 0.2 
613 116.5 30.6667 
614 116.5 38 
615 102.375 3.85921 
616 100.147 -2.97059 
617 -191.786 -140.714 
618 -148.813 -136.542 
619 -156.1 12.6 
620 -156.864 19.0909 
621 -170.848 15.4565 
622 -157.5 -24 
623 -157.5 -17.4286 
624 -157.1 -7.6 
625 -173.136 0.227273 
626 -172.447 -7.23684 
627 -157.5 -4.3 
628 -172.227 -14.6818 
629 -171.5 6.5 
630 -157.115 2.15385 
631 78.2143 68.5 
632 61.9815 69.9444 
633 49.1034 37.9655 
634 56.8 40.2 
635 66.383 40.7872 
636 92.6283 -4.89 
637 1.71622 -106.568 
638 2.5 -95 
639 41.1 47 
640 95.2195 -0.585366 
641 83.25 -30.75 
642 -156.727 -94.1364 
643 -54.8 -82.3 
644 44.0263 64.3158 
645 -151.5 -7 
646 -163.988 -5.75 
647 -166.591 12.0455 
648 -151.567 8.53333 
649 -151.5 -19 
650 100.091 6.27273 
651 -54.6333 62.1333 
652 -82.2 41.9 
653 113.5 32.6 
654 96.4583 26.2917 
655 2.33333 48.6667 
656 9.9 49.2 
657 25.0625 48.625 
658 -7.38889 49.2222 
659 -17.2273 48.8182 
660 -26.25 48.875 
661 70.8398 10.8229 
662 102.346 27 
663 92.7941 54.1176 
664 79.2051 48.5 
665 -136.767 52.5333 
666 -163.5 50.5 
667 -149.726 48.7736 
668 -150.5 52.3636 
669 50.3 -7.8 
670 2.85714 -26 
671 12.5 -50 
672 13.7609 -35.5652 
673 -1.77778 -30.8889 
674 12.5 -29 
675 -161.385 -80.7308 
676 -139.382 -104.161 
677 55.3333 31.3333 
678 44.4444 30.7778 
679 54.9194 62.0645 
680 68.5 58 
681 -160.615 19.0769 
682 95.9167 21.625 
683 105.682 39.2727 
684 -178.7 -127.6 
685 -182.346 -82.0769 
686 -184.618 -99.2473 
687 65.5 53 
688 53.2 36.2 
689 -156.6 -66.5 
690 69.4 -21.2 
691 -93.1 76.2 
692 -93.5 66 
693 -138.559 51.6176 
694 -136 1.38889 
695 -134.733 28.9 
696 -116.74 21.9124 
697 -138.444 34.6111 
698 -127.462 34.8077 
699 -107.5 62 
700 -94.7759 53.3793 
701 -115.34 60.8608 
702 -114 25.5 
703 86.5 18 
704 89.5 28 
705 101.7 28.8 
706 -171.5 -34 
707 -189.794 -33.5882 
708 -123.455 -8.59091 
709 -103.667 5.83333 
710 -102.5 16.3636 
711 -129.167 5.66667 
712 -122.14 0.0697674 
713 -112.8 4.2 
714 -136.751 15.7963 
715 -111.34 37.1597 
716 34.5 34.5 
717 20.3636 29.0909 
718 40.8 20.3143 
719 -158.5 -14.5 
720 -158.5 -2.5 
721 -143.606 -13.1489 
722 -142.935 -1.47826 
723 94.0588 14.3529 
724 -145.071 -24.7143 
725 -168.935 -102.043 
726 -164.682 -89.7273 
727 -121.3 -128.2 
728 -142.66 -118.744 
729 -162.3 -107.4 
730 -136.333 -88.1667 
731 -150.184 -92.4737 
732 -153.409 -101.364 
733 -145.1 -101 
734 -158.864 -89.3636 
735 -161.167 -99.3333 
736 -125.115 -119.615 
737 -122.716 -110.351 
738 -133.643 -127.643 
739 -152.3 -126.6 
740 27.7936 49.0459 
741 47.4333 49.0667 
742 45.5 75 
743 24.1667 80.1333 
744 35.4077 73.5846 
745 19.3824 74.7059 
746 -19.5 -112 
747 -7.5 -112 
748 79.6818 -7.27273 
749 63.2273 -6.31818 
750 64.5 -0.136364 
751 83.6364 6.63636 
752 78.1667 -36.5 
753 74.8182 -42.0455 
754 65.3947 -38.2237 
755 61.3182 -20.5455 
756 75.0333 -7.1697 
757 56.8571 -42.6429 
758 -118.4 -137.3 
759 -101.44 -126.18 
760 -111.885 -121.769 
761 -119.091 -128.773 
762 9.5 -72 
763 9.1 -81.4 
764 9.5 -62 
765 -10.5 -102 
766 -22.5 -105 
767 -74.2778 -127.889 
768 73.3958 6.90104 
769 79.0455 45.3182 
770 55.1749 6.0427 
771 11.375 26.375 
772 12.2857 17.7857 
773 10.2857 8 
774 20.3 1.06667 
775 19.1539 -8.36689 
776 19.94 -32.5 
777 9.04545 -28.2273 
778 -171.643 -103.429 
779 -183.5 -76 
780 -176.5 -76 
781 -191.5 -76 
782 -180.733 -62.7222 
783 -170.346 -82.6923 
784 -170.136 -73.7273 
785 31.58 64.16 
786 40.3 62.1 
787 48 55.6667 
788 24.5 64 
789 -135.567 -9.46667 
790 -136.833 -21.6667 
791 -138.5 -29 
792 -32.8636 -116.818 
793 -44.9167 -117.667 
794 -35.8016 -106.397 
795 -42.8077 -98.3846 
796 -23.5 -99.6667 
797 -46.8529 -105.118 
798 35.7273 18.4773 
799 33.5 33.5 
800 33.4091 44.9545 
801 48.6667 41.1667 
802 16.0714 66.5714 
803 7.5 67 
804 -12.2121 65.4697 
805 0.5 67 
806 4 0 
807 13.6818 -11.2727 
808 13.3 -4.4 
809 0.206897 -18.0172 
810 -2.81818 -42.2273 
811 13.5 -19 
812 -96.1667 -99.6667 
813 -117.243 -105.551 
814 25.5 47.5 
815 25.537 39.9444 
816 40.5 32.6875 
817 39.8333 41.3333 
818 42.9 27.8 
819 3.81579 8.63158 
820 18.9242 3.18788 
821 25.7667 30.5 
822 19.5 -19.5 
823 2.5 -86 
824 -19.5 -89 
825 -7.88462 -88.6923 
826 -66.8077 -120.231 
827 -59.6429 -119.286 
828 -75.7174 -119.87 
829 -52.6818 -120.273 
830 46.5769 32.5385 
831 -59.5526 -94.4737 
832 -60.8467 -107.533 
833 -67.7 -97.9333 
834 31.1364 38 
835 6.92857 -16.9286 
836 15.7222 37.0556 
837 15.5 28.5 
838 13.4 -9.5 
839 -6.68182 20.5455 
840 6.5 13.5 
841 7 3.7381 
842 -5.5 11 
843 7.05556 -5.83333 
844 6.21429 21.0714 
845 30.5 30 
846 15.2778 45.9444 
847 -85.5 -115 
848 -55.7958 -11.6265 
849 -85.2 -30.1667 
850 -62.6 -55.9 
851 -74.5 -34.5 
852 -73.0986 -49.6479 
853 -82.1538 -34.7308 
854 -64 -46.5 
855 -84.7692 -126.115 
856 -56.2553 -67.4574 
857 -85.7647 -63.7353 
858 -63 -107.5 
859 -68.1333 -63.5 
860 -77.6667 -63.8333 
861 -58.3077 -77.3462 
862 -55.75 -93.25 
863 -80.2105 -110.658 
864 -63.0526 -90.2368 
865 -84.2222 -73.1667 
866 -66.5455 -82.2273 
867 -87.1111 -105.278 
868 -81.7647 -80.6765 
869 -76.4615 -104.577 
870 -77.6981 -73.5377 
871 -65.8571 -71.2143 
872 -73.766 -94.734 
873 -87.8824 -94.7941 
874 -86.7143 -85.5 
875 -70.2857 -110.357 
876 -71.6667 -121.222 
877 -87.0526 -115.816 
878 -34.1739 46.6522 
879 13.5 77 
880 -21.5 77 
881 -7.5 73 
882 -11.4 78.4 
883 3.5 73.5556 
884 66.7 35.8 
885 42.875 4.375 
886 52.0625 9.5 
887 33.2576 38.3939 
888 36.7 10 
889 45.4167 15.8333 
890 52 39.5 
891 43.75 39.25 
892 54.9 27.4 
893 44.7 34.2 
894 27.6724 24.6897 
895 40.2692 24.8462 
896 38.0455 12.2727 
897 47.5 25.5455 
898 31.6667 1.33333 
899 57.9 36.0667 
900 22.3718 28.641 
901 22.1316 42.4737 
902 22.0556 4.77778 
903 62.5 37 
904 60.6429 25.2857 
905 57.8 17.6 
906 34.9737 20.5789 
907 25.1522 14.3043 
908 -133.875 -37.125 
909 -145.5 -12.5 
910 -146.333 0.166667 
911 -150.4 2.8 
912 -144.237 10.2105 
913 -145.602 25.8559 
914 -157.273 3.18182 
915 -121.833 -135 
916 -128.462 -133.808 
917 -143.631 -132.669 
918 -108.5 80.6667 
919 44.7051 -26.2242 
920 54.1481 -29.7407 
921 105.079 15.2632 
922 103.346 25.2308 
923 119.5 21.375 
924 89.0882 -23.1765 
925 112.833 23.6667 
926 104.591 9.27273 
927 94.3293 6.2439 
928 96.8333 20.5556 
929 108.5 20 
930 114.658 11.1579 
931 118.409 12.1818 
932 91.3 23.6 
933 93.1 12.9333 
934 88.7143 -8.14286 
935 99.1765 -7 
936 100.235 -14.0588 
937 -139.586 -74.4369 
938 -94.5 25.6667 
939 -76.0833 1.75 
940 -86.3704 6.64815 
941 -36.1 55.6 
942 -37 63 
943 141.549 24.6585 
944 -106.75 -5.5 
945 -92.5 -1 
946 226.264 17.3446 
947 222.611 5.25926 
948 228.038 43.0385 
949 224.38 31.22 
950 221.433 42.0333 
951 164.5 61.5 
952 142 -13 
953 196.706 -20 
954 188.909 -32.6364 
955 177.471 -20.1214 
956 172.308 -31.7692 
957 171.6 -39.6 
958 180.816 -36.3878 
959 188.714 -20.8571 
960 154.273 -20.5909 
961 149.692 -47.7692 
962 140.2 -19.8 
963 154.297 -28.0593 
964 62.5 129.2 
965 44.0556 125.556 
