834
0 0 1 0 -394 -96 0 306 275 1 2
1 2 4 -524.004 -137 182 1 -58 285 2 1
2 3 -3 1625.33 45 237 1 -208 99 1 2
3 -1 -2 -1992.9 248 -321 2 178 7 2 2
4 -4 5 0 -368 83 1 -137 343 2 2
5 -5 6 0 -108 204 1 -51 333 2 2
6 7 8 0 -16 -309 2 -392 -332 1 2
7 -6 -7 510.996 -144 -208 3 -366 296 0 1
8 -8 9 0 443 0 2 497 -75 0 2
9 10 19 0 383 289 3 432 226 1 2
10 11 -18 -285.251 32 214 2 367 -99 2 1
11 -9 12 0 -397 -347 0 466 151 2 1
12 -10 13 -3520.35 -466 -8 2 297 -15 1 2
13 -11 14 0 307 -157 1 460 0 0 1
14 -12 15 0 -81 -240 3 -65 168 0 2
15 16 -17 3678.96 189 -58 2 445 -91 3 2
16 -13 17 29.6076 113 89 1 -279 128 2 1
17 -14 18 2924.28 357 208 3 259 -309 1 2
18 -15 -16 -3725.97 333 -184 2 193 -105 1 2
19 -19 20 0 -188 -259 3 -229 257 0 1
20 21 22 0 240 -99 3 -78 350 2 1
21 -20 -21 -128.371 -350 282 2 139 221 0 2
22 -22 23 0 286 241 2 -323 254 3 1
23 24 26 0 164 -257 3 95 345 1 1
24 -23 25 -635.235 -129 223 0 9 259 1 2
25 -24 -25 1204.4 -32 292 2 223 -330 0 2
26 -26 27 0 337 231 3 185 -369 2 1
27 28 31 0 126 -227 0 167 338 3 2
28 -27 29 353.202 -118 -29 0 -369 -333 3 1
29 30 -30 289.662 141 224 0 -80 163 3 1
30 -28 -29 200.323 -125 223 1 -263 -65 1 1
31 32 35 0 -128 353 1 137 -371 2 2
32 33 34 1020 160 -233 1 451 64 2 1
33 -31 -32 0 119 95 3 -350 -82 2 2
34 -33 -34 0 173 -269 1 65 -305 2 1
35 -35 36 0 377 284 0 294 318 1 2
36 -36 37 0 116 -315 2 -300 -367 1 2
37 -37 38 0 250 -309 2 228 -311 1 2
38 -38 39 0 -355 -130 0 293 286 2 2
39 -39 40 0 -391 113 2 -209 257 3 2
40 -40 41 0 298 186 2 288 308 1 1
41 -41 42 0 -46 107 2 -336 -370 1 2
42 43 44 0 -392 -55 0 209 -309 1 1
43 -42 -43 -998.925 93 -49 3 -6 -71 1 2
44 -44 45 0 124 -75 0 -394 -356 0 2
45 -45 46 0 347 317 1 493 189 1 2
46 -46 47 0 -112 -283 2 390 -245 2 2
47 48 50 0 -130 274 0 77 325 1 1
48 49 -49 1986.55 234 -49 2 382 -377 3 2
49 -47 -48 540.269 87 139 0 -191 180 1 1
50 51 52 0 452 -4 1 117 327 0 1
51 -50 -51 -132.521 -331 358 1 -143 243 1 2
52 53 55 0 13 -211 1 459 218 2 2
53 -52 54 0 -302 -105 2 -35 162 3 1
54 -53 -54 -3175.21 369 -202 3 67 -4 3 2
55 -55 56 0 493 253 1 431 -213 2 1
56 57 66 0 108 -168 2 -157 278 0 1
57 -56 58 0 17 -124 1 199 319 3 1
58 -57 59 0 -396 163 1 -192 260 3 2
59 -58 60 -860.463 -57 -260 2 219 210 1 1
60 61 -65 2507.28 -55 44 2 228 353 0 2
61 62 -64 -1924.79 -273 308 1 34 -66 2 2
62 63 -63 -2839.29 -347 -308 1 141 171 3 2
63 64 -62 3134.68 232 202 3 273 343 2 2
64 -59 65 -161.565 157 -94 2 46 -26 1 1
65 -60 -61 -1377.46 -372 171 2 225 282 1 2
66 67 68 0 143 263 1 190 -351 3 2
67 -66 -67 -1008.92 213 -222 1 -203 -211 2 1
68 69 72 0 122 349 0 113 316 2 2
69 -68 70 0 -256 -368 3 285 -25 0 1
70 -69 71 -62.2277 -150 -44 2 273 115 2 1
71 -70 -71 214.991 259 136 2 26 -311 2 1
72 73 76 0 459 110 3 276 295 2 2
73 -72 74 -1959.93 371 331 2 -85 -68 2 2
74 -73 75 -491.72 275 339 1 245 -77 2 1
75 -74 -75 -1848.61 332 35 2 17 77 2 2
76 -76 77 0 -276 -261 0 236 294 2 1
77 -77 78 0 -349 -295 1 -307 252 2 1
78 -78 79 0 82 -272 0 412 -215 2 2
79 80 -834 70.4123 483 134 2 86 -159 3 1
80 81 84 0 428 232 1 -472 -223 2 2
81 82 -82 0 474 46 0 -483 -51 0 1
82 83 -81 1711.53 7 -182 1 -93 54 0 2
83 -79 -80 521.394 -54 -197 2 219 -320 3 1
84 -83 85 0 -48 -206 2 -487 -187 0 2
85 -84 86 0 -1 252 3 398 -232 2 2
86 87 89 0 150 -224 2 253 278 3 2
87 -85 88 0 326 325 3 -120 173 1 2
88 -86 -87 3411.37 250 153 2 -390 222 2 2
89 90 92 0 -153 -85 1 270 253 2 1
90 91 -90 -378.013 276 398 1 -26 -97 2 1
91 -88 -89 -551.025 259 -155 0 227 108 3 1
92 93 95 0 -53 -206 2 240 -293 2 1
93 -91 94 0 306 -255 2 263 -54 3 2
94 -92 -93 -123.987 184 66 1 -20 27 1 2
95 -94 96 0 379 195 2 226 -301 1 1
96 -95 97 0 -207 275 1 22 290 2 2
97 -96 98 0 -232 -54 2 218 283 3 2
98 99 104 0 -48 -189 3 490 116 1 1
99 100 101 0 288 274 2 132 -191 1 1
100 -97 -98 -1998.71 117 218 2 49 -120 0 2
101 -99 102 0 -325 -198 3 409 -186 1 2
102 103 -102 -161.642 371 -247 2 400 153 3 1
103 -100 -101 804.493 208 -116 1 144 211 2 1
104 105 108 0 -247 181 2 157 -354 1 1
105 -103 106 0 452 -31 3 183 13 3 1
106 107 -106 0 343 -234 3 175 -281 1 1
107 -104 -105 551.687 117 14 2 -346 218 1 1
108 -107 109 0 -323 246 2 420 235 2 1
109 -108 110 0 405 -182 0 489 69 0 1
110 111 112 0 -465 157 3 233 273 2 2
111 -109 -110 520.3 212 -42 2 -21 -141 1 1
112 113 116 0 304 198 1 -233 -366 2 1
113 114 115 200.057 138 -23 1 356 -199 3 2
114 -111 -112 -4063.38 295 272 1 -189 -257 2 2
115 -113 -114 0 -2 283 2 -355 -333 0 2
116 117 118 0 -420 318 2 461 206 3 1
117 -115 -116 -258.635 207 334 0 473 207 2 1
118 -117 119 0 96 -186 2 308 249 1 1
119 120 132 0 339 -278 2 -474 206 0 2
120 121 122 0 -285 244 3 -486 232 1 1
121 -118 -119 297.749 -175 -85 2 -426 145 0 1
122 -120 123 -329.045 109 -254 0 -39 233 1 1
123 124 -130 2279.98 -177 158 2 344 -230 0 2
124 -121 125 -775.662 -372 -219 1 -324 53 3 1
125 126 -129 495.072 -492 107 1 -488 -119 1 2
126 127 -128 468.172 19 186 3 -493 -278 1 1
127 -122 128 -407.116 76 180 1 -408 -99 2 1
128 129 -127 228.026 -487 225 1 254 -295 2 2
129 130 -126 -257.524 396 -264 3 -224 162 2 1
130 -123 131 -1500.2 -406 -22 2 -312 1 1 2
131 -124 -125 974.728 -474 -16 3 -264 316 2 2
132 -131 133 0 -140 154 1 488 -120 3 1
133 134 136 0 336 -208 2 -179 263 1 1
134 -132 135 0 -223 -239 1 -204 -61 2 2
135 -133 -134 -1759.47 -202 320 1 93 -119 2 2
136 137 140 0 490 -294 2 438 -192 2 2
137 -135 138 -3316.07 -274 -144 1 367 168 2 2
138 139 -138 0 -490 -268 2 476 -121 0 2
139 -136 -137 -2533.98 311 299 0 223 -142 2 2
140 -139 141 0 262 214 2 286 -284 3 2
141 -140 142 0 -188 209 2 472 203 0 2
142 143 144 0 -449 -159 2 436 219 2 2
143 -141 -142 -357.454 -161 -192 1 -54 10 1 1
144 145 148 0 -298 -341 2 399 -213 1 1
145 146 -146 -728.34 -417 76 2 -10 -67 2 2
146 -143 147 -915.772 -296 -190 2 347 -176 2 1
147 -144 -145 -1669.58 -181 -305 0 -64 142 1 2
148 -147 149 0 22 351 1 149 -355 2 1
149 150 153 0 -356 -265 1 -355 247 2 1
150 151 152 0 -389 -312 1 128 -44 3 1
151 -148 -149 0 -222 -283 2 137 235 3 2
152 -150 -151 0 476 -185 3 -379 69 1 1
153 -152 154 0 -466 -273 2 62 273 0 1
154 155 156 0 274 -49 2 399 181 1 2
155 -153 -154 170.009 173 33 0 147 -205 0 1
156 157 160 0 301 -221 3 476 -140 3 1
157 -155 158 0 -496 -100 1 140 -186 2 2
158 -156 159 -523.426 -229 -313 0 36 -152 0 1
159 -157 -158 1945.64 262 -95 2 -138 170 2 2
160 -159 161 0 443 -229 1 189 -345 1 1
161 -160 162 0 487 -330 0 267 257 0 1
162 163 170 0 -464 27 2 309 -251 1 1
163 164 -168 0 -264 180 1 92 67 3 1
164 165 169 -1849.01 -202 -242 3 207 -129 2 2
165 166 -165 75.1588 165 -262 1 300 2 1 1
166 167 -164 -1801.61 -235 153 2 5 -112 0 2
167 168 -163 0 253 -277 3 -40 -211 0 2
168 -161 -162 508.571 263 25 2 -143 363 1 2
169 -166 -167 0 -128 232 2 -83 -115 0 1
170 -169 171 0 0 207 1 187 -331 2 1
171 -170 172 0 -189 -263 2 179 -321 1 1
172 173 176 0 -100 269 2 64 -361 0 1
173 174 175 -418.216 -481 -316 0 126 -231 1 1
174 -171 -172 -3574.31 0 342 1 134 -339 2 2
175 -173 -174 -1274.46 -106 130 1 -86 -46 3 2
176 -175 177 0 -442 323 1 -74 272 1 2
177 178 179 0 -42 -188 0 441 212 3 2
178 -176 -177 -908 -206 -233 2 404 -123 2 1
179 180 181 0 35 219 2 262 -293 1 2
180 -178 -179 0 296 222 2 -133 -179 0 1
181 -180 182 0 149 -335 1 -479 -205 2 1
182 183 184 0 364 309 1 -458 -235 3 2
183 -181 -182 528.044 -80 -158 3 415 270 3 1
184 185 186 0 -371 115 2 292 -272 1 1
185 -183 -184 -62.9977 -105 -353 0 -80 32 3 1
186 -185 187 0 160 135 2 427 219 1 1
187 188 189 0 292 356 3 -404 -336 2 1
188 -186 -187 -2230.98 -418 17 3 -75 -58 0 2
189 -188 190 0 -138 -190 3 259 263 0 2
190 191 197 -3228.24 -117 -351 2 327 124 2 2
191 -189 192 0 -243 -301 1 384 -229 1 2
192 193 196 0 -471 234 2 -123 -22 1 1
193 -190 194 140.329 100 94 1 -369 281 2 1
194 195 -193 437.076 -31 -90 0 -75 -151 1 2
195 -191 -192 -3363 403 -318 1 199 -52 1 2
196 -194 -195 -219.481 99 -238 2 385 91 3 1
197 198 201 0 320 -240 2 155 262 3 1
198 199 200 491.861 -160 15 2 -186 -145 1 2
199 -196 -197 1641.4 -150 10 0 104 -231 2 2
200 -198 -199 -424.216 389 -214 2 234 118 2 2
201 202 208 0 -73 121 1 299 237 1 2
202 203 205 0 -319 92 3 394 109 2 2
203 204 -202 1576.04 -97 150 2 335 -355 1 2
204 -200 -201 -50.6769 325 -21 3 13 -57 1 2
205 -203 206 -796.008 -290 -273 1 377 225 1 1
206 -204 207 919.28 311 -109 2 -76 -151 2 1
207 -205 -206 236.431 -130 114 1 462 315 3 1
208 -207 209 0 273 125 3 253 258 2 1
209 -208 210 0 -329 -280 3 273 -267 1 2
210 211 214 0 378 -269 1 -399 -325 2 2
211 212 -212 -4078.43 342 330 1 -168 -269 1 2
212 -209 213 22.2634 -176 39 1 77 -367 1 1
213 -210 -211 3170.73 -333 -1 2 191 123 2 2
214 215 217 0 -267 -258 1 -474 197 2 1
215 216 -215 1.97604 16 21 0 -52 316 1 1
216 -213 -214 979.134 -493 141 2 -39 -138 2 2
217 -216 218 0 -429 -55 1 418 227 2 2
218 -217 219 0 -40 -370 1 170 -334 2 1
219 220 221 0 4 228 2 -199 247 1 2
220 -218 -219 433.293 -205 139 2 358 -363 2 2
221 222 223 0 -449 298 2 -497 -169 2 2
222 -220 -221 0 295 168 0 -257 159 1 1
223 224 230 0 -388 280 3 -474 169 1 1
224 -222 225 -867.527 357 -147 1 -430 -150 3 1
225 -223 226 0 255 -65 2 -461 -173 0 2
226 227 229 -577.023 274 -102 2 -292 114 1 2
227 228 -226 0 284 -97 0 -271 183 2 1
228 -224 -225 480.1 -235 -50 2 -206 272 1 2
229 -227 -228 336.912 -15 79 1 78 14 2 2
230 231 232 0 -72 348 0 366 -233 1 2
231 -229 -230 0 -475 -164 3 74 -248 3 1
232 -231 233 0 -232 135 0 454 137 3 1
233 -232 234 0 -42 -278 2 402 226 1 1
234 -233 235 0 247 -8 0 226 -291 3 2
235 -234 236 0 209 -110 2 236 -289 0 2
236 237 239 0 346 194 0 447 -169 2 1
237 -235 238 15.9841 398 -53 3 -9 17 1 1
238 -236 -237 0 497 -139 2 382 190 1 2
239 240 247 0 397 -223 2 435 51 1 1
240 -238 241 1488.12 106 -83 1 55 341 1 2
241 242 246 -694.926 283 -156 1 424 94 1 2
242 243 -243 1475.71 227 204 2 205 231 2 2
243 244 -242 800.492 142 60 1 -332 66 3 1
244 -239 245 0 133 267 0 362 195 1 2
245 -240 -241 -714.917 -190 115 2 447 183 3 2
246 -244 -245 -439.093 109 115 3 275 -95 1 2
247 -246 248 0 -247 -305 2 -486 166 2 1
248 -247 249 0 -391 -19 2 -491 -50 2 2
249 -248 250 0 97 214 1 268 -273 3 2
250 251 252 0 325 244 0 247 252 1 2
251 -249 -250 0 166 -217 1 259 -97 1 1
252 -251 253 0 -145 238 2 193 -323 1 2
253 -252 254 0 425 94 1 -303 248 0 1
254 -253 255 -390.921 338 -119 3 317 -230 3 1
255 -254 256 0 367 -237 1 119 254 3 1
256 -255 257 0 -288 156 0 167 -340 2 2
257 -256 258 0 -148 -381 2 381 -221 1 1
258 259 262 0 -283 -230 3 -435 225 1 1
259 260 -260 794.191 -300 -24 2 98 -269 2 2
260 261 -259 400.332 -89 150 3 27 -34 1 2
261 -257 -258 -817.412 134 259 0 -307 -33 1 2
262 263 264 0 -148 119 1 -397 -312 1 1
263 -261 -262 -903.453 348 137 0 92 -180 1 1
264 -263 265 0 -444 -79 2 -456 -207 0 1
265 266 270 0 133 126 1 -482 115 1 1
266 -264 267 0 282 -150 0 -56 -192 2 2
267 268 -268 3060.46 -56 -103 2 187 -209 1 2
268 -265 269 -303.872 -337 -41 0 -199 -86 1 1
269 -266 -267 0 -175 332 1 -396 163 1 2
270 271 288 0 -475 -279 2 380 -155 1 2
271 272 -286 -1.19938 -174 194 0 57 36 2 1
272 273 275 0 435 -126 1 70 -217 1 2
273 274 -271 -373.931 -365 74 1 225 58 0 1
274 -269 -270 -526.645 440 -233 2 204 32 1 1
275 -272 276 0 -280 -238 1 417 210 3 2
276 277 278 0 290 251 1 410 204 2 1
277 -273 -274 3552.69 -10 -146 0 -166 298 2 2
278 -275 279 0 481 339 2 -35 212 2 2
279 280 286 -825.253 -271 341 2 9 -81 0 2
280 281 282 0 -242 272 0 425 187 2 1
281 -276 -277 0 -416 -348 1 224 195 2 1
282 283 -282 -225.611 470 251 0 280 73 2 2
283 284 285 0 -441 -282 2 -118 185 2 1
284 -278 -279 3660.32 216 -84 1 316 314 3 2
285 -280 -281 0 -342 -32 1 -104 200 0 2
286 287 -285 759.278 329 22 2 28 215 0 1
287 -283 -284 734.652 142 -138 2 -399 -263 1 2
288 -287 289 0 125 218 3 255 -286 1 1
289 290 291 0 432 234 1 419 86 2 1
290 -288 -289 550.252 315 -73 2 -117 -108 1 1
291 292 293 0 -48 -210 3 413 210 2 2
292 -290 -291 -495.999 -406 358 2 358 133 1 1
293 -292 294 0 -107 -268 1 -399 -248 2 1
294 -293 295 0 -325 154 2 -450 -230 2 1
295 296 297 0 -347 -317 2 -411 -280 2 1
296 -294 -295 -1563.93 468 244 2 -117 -80 2 2
297 -296 298 0 -91 -282 2 365 -227 1 1
298 299 -833 3624.19 369 53 2 -463 -254 2 2
299 300 302 0 330 125 3 -448 213 1 1
300 301 -299 -2424.49 329 321 2 -430 125 2 2
301 -297 -298 909.025 -333 -69 1 112 124 2 2
302 303 307 0 62 -301 2 382 165 2 2
303 304 -304 -39.7269 451 -176 2 84 88 2 2
304 305 -303 556.024 -13 217 0 261 -183 0 1
305 306 -302 0 -144 115 1 -79 227 2 2
306 -300 -301 0 -488 144 2 394 52 3 2
307 308 309 0 408 80 2 -443 -222 2 1
308 -305 -306 0 459 114 0 -84 103 1 1
309 310 311 0 -194 -360 0 255 244 0 1
310 -307 -308 362.866 120 213 2 -85 -225 1 2
311 -309 312 0 135 178 0 -373 246 0 2
312 313 -832 3297.91 48 220 2 386 -292 3 2
313 314 322 0 324 -165 2 354 -191 2 1
314 315 316 -1612.43 324 -234 0 -1 -170 1 2
315 -310 -311 132.959 363 -85 2 331 -234 2 1
316 -312 317 148.93 13 -142 3 289 24 2 2
317 -313 318 456.565 -16 121 2 -471 -120 2 2
318 -314 319 964.792 -93 -121 2 475 89 0 2
319 -315 320 -606.144 -229 311 2 132 -200 2 1
320 -316 321 -453.376 17 -319 0 334 80 2 1
321 -317 -318 392.606 -105 -55 2 -239 235 2 1
322 -319 323 0 -310 225 1 240 -235 0 1
323 -320 324 0 -300 209 0 213 -301 3 1
324 325 329 0 -214 -297 2 350 -209 2 1
325 326 -325 -292.708 244 46 2 -79 -189 0 2
326 -321 327 0 447 -62 0 362 135 1 1
327 -322 328 807.397 194 89 1 -289 111 1 2
328 -323 -324 -1174.99 162 -25 2 -56 -137 1 2
329 -326 330 -3003.86 7 -68 0 -52 -104 0 2
330 331 333 0 65 -339 3 -363 -352 1 2
331 -327 332 0 -139 280 2 28 -80 2 2
332 -328 -329 1499.23 -380 -175 1 -352 392 2 2
333 -330 334 0 -319 157 3 382 150 2 1
334 335 337 0 173 191 3 358 216 2 2
335 -331 336 -2915.02 34 188 1 44 -104 1 2
336 -332 -333 3212.03 365 223 2 -223 -206 3 2
337 338 349 -3878.71 162 -380 1 230 -140 1 2
338 339 -345 3485.39 114 -168 2 -49 130 2 2
339 340 -344 -2193.79 344 48 3 -4 -81 1 2
340 341 -343 -291.649 478 -74 2 -13 -32 1 1
341 -334 342 0 121 -164 2 -225 131 1 2
342 -335 343 863.077 -169 -129 1 220 -274 3 1
343 344 -342 1636.76 186 -14 3 446 252 2 2
344 345 -341 381.722 -172 40 1 434 -236 1 1
345 346 348 -3400.41 63 146 3 -185 -132 1 2
346 -336 347 565.729 -26 -134 2 80 -8 2 1
347 -337 -338 499.732 -196 56 0 -306 264 1 2
348 -339 -340 2780.24 -179 -62 0 -328 7 1 2
349 -346 350 0 303 230 3 187 -323 0 2
350 351 352 0 435 -196 2 363 -60 2 1
351 -347 -348 250.192 5 88 2 130 -326 1 2
352 353 360 0 278 -292 0 -423 -221 0 2
353 -349 354 1175.1 -224 37 1 255 289 1 2
354 -350 355 -3606.29 362 -157 0 -248 -85 3 2
355 -351 356 0 -153 -332 2 -461 -66 0 2
356 -352 357 -389.06 136 324 2 -168 -145 0 1
357 358 -356 -119 123 83 0 -89 -163 2 1
358 359 -355 -232.269 4 290 0 -250 20 2 1
359 -353 -354 -791.077 -482 237 1 68 -152 0 2
360 361 364 0 -342 232 2 302 -184 2 2
361 362 -360 902 -105 -204 1 485 -137 0 1
362 -357 363 0 -425 -2 1 353 178 1 2
363 -358 -359 -1733.29 341 89 0 -158 174 1 2
364 365 370 0 496 -322 2 -424 -207 1 2
365 366 -366 0 170 36 1 34 -154 1 1
366 367 -365 787.808 -428 -61 2 375 43 1 1
367 -361 368 442.324 -81 83 2 144 -17 1 1
368 -362 369 -1146.73 60 -223 3 -167 -187 0 2
369 -363 -364 0 88 -258 2 -442 -101 0 1
370 371 376 0 -452 -289 1 231 240 0 1
371 -367 372 -1447.26 -164 70 1 258 -139 2 2
372 -368 373 475.853 -153 -94 1 121 360 1 2
373 374 -372 -224.586 310 326 2 -46 151 3 2
374 -369 375 138.524 -161 -82 2 -293 71 0 1
375 -370 -371 447.809 211 182 2 272 344 3 1
376 377 385 0 -355 281 2 291 -186 2 1
377 -373 378 0 -357 -304 3 275 178 3 2
378 -374 379 0 342 -277 2 190 -229 1 1
379 -375 380 0 302 -206 1 -122 -224 3 2
380 381 -381 82.463 -175 173 0 159 305 1 1
381 -376 382 1697.94 241 -177 3 -255 15 2 2
382 -377 383 -161.525 178 -355 2 -161 165 2 1
383 -378 384 -2481 -234 -84 1 -122 53 2 2
384 -379 -380 0 376 302 0 48 159 2 2
385 -382 386 0 -206 -379 1 348 233 2 1
386 -383 387 0 260 151 1 -427 230 2 2
387 -384 388 0 233 -269 2 -378 236 1 2
388 389 393 0 1 -227 1 -382 -290 3 1
389 -385 390 0 38 -335 1 43 -289 2 1
390 -386 391 -2015.01 225 45 1 -99 -110 2 2
391 -387 392 -2822.7 74 157 2 -256 -122 2 2
392 -388 -389 82.404 45 -231 2 30 -348 0 2
393 394 404 0 392 32 2 250 -211 1 1
394 -390 395 -949 -454 295 3 105 -186 3 1
395 396 -400 622.692 -84 61 3 387 178 1 1
396 -391 397 -3641.85 -336 -285 0 -127 -203 1 2
397 -392 398 -742.458 -208 204 1 -139 -34 3 1
398 -393 399 -911.949 10 179 3 282 -38 2 1
399 -394 400 -373.724 -86 -312 2 -243 57 1 1
400 401 -399 -558.21 -231 131 2 21 -208 2 2
401 -395 402 0 171 -319 2 270 130 0 1
402 -396 403 0 -61 -238 2 260 -232 2 1
403 -397 -398 2242.93 5 103 0 -268 -314 1 2
404 405 407 0 196 30 2 286 220 1 2
405 406 -403 280.268 307 197 1 32 311 2 1
406 -401 -402 -1441.44 486 -179 0 64 -91 2 2
407 408 409 0 157 -207 1 96 -358 1 1
408 -404 -405 4080 133 -262 2 126 317 2 2
409 410 412 0 385 -99 1 227 -267 3 1
410 411 -408 -1077.94 377 -259 2 -66 -200 2 2
411 -406 -407 378.589 -74 79 2 356 -98 2 1
412 -409 413 0 -416 -27 1 -480 -68 1 2
413 414 417 0 -421 -172 2 -442 -174 0 1
414 415 -413 0 130 129 1 34 56 2 1
415 -410 416 0 287 -15 1 -457 65 2 1
416 -411 -412 206.466 -452 146 2 -59 -227 0 2
417 418 421 0 307 -153 1 344 -157 2 1
418 -414 419 -359 21 -124 1 354 -134 2 1
419 -415 420 504.873 161 -143 1 445 230 0 1
420 -416 -417 -1969.38 140 302 1 106 25 3 2
421 422 423 0 -57 -315 0 347 158 1 1
422 -418 -419 0 376 -230 2 309 222 2 1
423 424 425 0 -402 -138 1 -414 -222 2 1
424 -420 -421 -217.983 442 -174 1 -258 -216 2 1
425 426 427 0 374 -4 2 -446 202 0 2
426 -422 -423 0 339 83 3 -458 -76 3 1
427 -424 428 0 -498 -194 2 -266 249 0 2
428 429 430 0 364 333 0 353 -126 1 1
429 -425 -426 855.969 162 -125 2 472 -85 1 1
430 -427 431 0 -455 -232 2 115 253 2 1
431 -428 432 0 267 87 2 180 -329 1 2
432 -429 433 0 57 267 3 -469 191 0 1
433 -430 434 0 -364 65 2 -477 -186 0 2
434 435 436 0 331 26 2 252 -211 1 2
435 -431 -432 227.29 227 -192 3 206 -207 1 1
436 -433 437 0 285 -227 3 214 243 3 1
437 -434 438 0 455 -181 2 -439 220 2 2
438 -435 439 0 192 85 3 -256 246 1 1
439 -436 440 0 -419 320 1 349 -108 0 1
440 441 442 0 441 -58 3 -477 46 1 1
441 -437 -438 -150.81 249 -2 1 -183 35 3 1
442 -439 443 0 -219 320 1 -18 249 2 2
443 444 446 0 471 -97 2 -423 222 0 2
444 445 -442 -41.2207 -430 89 3 -376 -78 2 1
445 -440 -441 -461.011 296 281 0 26 190 2 2
446 447 448 0 26 -330 0 221 -279 1 1
447 -443 -444 375.273 72 108 0 -118 -302 2 2
448 449 453 0 260 326 2 -438 140 0 1
449 450 451 0 -176 -280 1 57 199 2 1
450 -445 -446 -1022.45 -234 332 1 -301 192 2 2
451 452 -449 0 429 -198 1 -457 -183 1 2
452 -447 -448 -146.241 197 58 1 -277 112 1 1
453 454 456 0 33 -253 2 -447 -63 1 2
454 -450 455 450.082 -64 -117 1 0 -232 1 1
455 -451 -452 -135.004 359 -10 2 35 -149 2 1
456 457 458 0 236 -297 2 -439 -113 2 1
457 -453 -454 -579.699 -359 -135 2 -392 -52 0 2
458 459 461 0 -215 -166 2 336 -153 3 1
459 -455 460 -3564.53 -54 -221 2 11 -106 1 2
460 -456 -457 0 -330 43 1 326 200 1 2
461 -458 462 0 -335 -286 2 160 -342 3 2
462 463 464 0 -375 -22 2 208 -269 0 2
463 -459 -460 0 -291 361 3 101 -287 2 2
464 -461 465 0 201 -189 2 -438 -162 1 1
465 466 474 0 -64 200 3 318 -171 0 1
466 467 -470 -1698.97 -55 -253 3 252 -41 3 2
467 468 -469 730.345 329 175 1 -377 -178 1 1
468 469 -468 3445.56 -85 -67 2 456 -192 3 2
469 470 -467 -989.503 215 -243 2 -76 -113 2 2
470 -462 471 -703.082 439 42 1 -164 188 0 2
471 -463 472 1676.39 -102 -87 0 -405 131 1 2
472 473 -466 655.004 182 -154 3 64 -245 1 1
473 -464 -465 -941.47 -244 -4 2 54 -13 1 1
474 475 487 0 -322 383 1 -382 206 3 1
475 -471 476 2021.22 -215 67 1 304 2 1 2
476 -472 477 -509.93 -452 169 1 -300 -106 0 1
477 -473 478 249.243 -117 188 1 394 188 3 1
478 -474 479 928.33 -151 165 2 -35 -259 1 2
479 480 -483 985.026 -154 -80 2 -309 -54 3 2
480 -475 481 0 436 47 3 112 219 1 2
481 -476 482 0 -313 -204 3 115 -72 2 2
482 -477 483 2213.16 -101 -91 2 263 96 3 2
483 -478 484 1748.02 -76 166 1 -473 255 1 2
484 -479 485 -686.818 -368 161 2 -168 85 2 2
485 -480 486 -637.742 111 -88 1 -393 78 2 1
486 -481 -482 0 403 113 0 -165 231 0 1
487 488 490 0 -378 -145 1 -418 198 3 2
488 -484 489 -1815.06 303 -325 1 48 140 0 2
489 -485 -486 -2672.57 494 285 2 -417 -88 2 2
490 491 493 0 -190 -308 2 274 -202 3 1
491 -487 492 191.584 33 -164 1 -149 -233 3 1
492 -488 -489 -17.1354 29 -179 1 23 -145 1 1
493 -490 494 0 431 -186 1 -402 -305 2 2
494 -491 495 0 -440 212 2 -200 -355 1 1
495 -492 496 0 -134 -274 3 139 -347 3 2
496 -493 497 0 -408 104 1 325 221 3 2
497 498 499 -870.622 -275 -162 2 -58 -309 1 1
498 -494 -495 -462.524 -407 310 2 -158 -111 2 2
499 -496 500 0 -324 213 2 -318 243 2 1
500 501 503 0 495 -218 1 241 236 2 2
501 -497 502 0 -92 387 1 -149 73 2 2
502 -498 -499 -346.174 175 -194 0 -136 127 1 1
503 504 506 0 382 157 2 -412 -206 2 2
504 505 -502 -80.6782 336 -208 1 -412 109 2 2
505 -500 -501 -337.75 175 61 1 -133 -94 1 1
506 507 517 0 188 284 3 338 131 0 2
507 -503 508 -4038 139 -149 0 8 -114 0 2
508 -504 509 425.335 120 -102 3 486 180 1 1
509 510 516 -1975.71 105 -255 3 275 -12 1 2
510 -505 511 200.944 38 -34 2 -326 22 3 1
511 512 -511 479.825 85 113 1 171 -89 3 2
512 513 -510 3460.39 185 -40 2 -392 -49 2 2
513 514 -509 -1995.85 332 261 2 -89 -126 1 2
514 -506 515 801.138 -151 2 1 -253 -204 3 1
515 -507 -508 -771.405 -339 -300 1 107 184 2 2
516 -512 -513 -229.215 -301 57 0 14 200 0 2
517 518 -831 615.661 306 -115 2 -453 -118 2 1
518 -514 519 0 -443 -21 0 323 215 3 2
519 520 525 0 359 116 2 306 -170 1 2
520 521 -520 3068.82 199 -175 2 -405 -233 1 2
521 -515 522 544.308 195 -124 0 -370 122 3 1
522 523 -519 -465.241 -484 -302 1 15 -41 2 1
523 -516 524 -1379.15 -342 -230 2 90 93 1 2
524 -517 -518 2187.07 188 -52 1 181 341 1 2
525 526 528 0 283 -75 1 310 196 1 2
526 -521 527 -685.71 319 50 2 173 215 2 1
527 -522 -523 -210.296 158 317 1 -174 -42 3 1
528 529 541 0 204 -27 2 307 -137 1 1
529 -524 530 1538.48 268 -128 2 -342 -6 0 2
530 -525 531 -1943.7 450 -130 2 -50 154 0 2
531 -526 532 -2290.2 -118 161 0 224 -132 2 2
532 -527 533 1535.21 219 -51 3 499 -317 3 2
533 534 -536 2156.27 -178 -53 2 -371 -92 0 2
534 -528 535 -2111.33 468 -338 0 -40 129 1 2
535 536 537 2150.89 -77 -125 1 -284 -185 0 2
536 -529 -530 466.265 319 81 3 -271 -37 1 2
537 538 -535 462.651 -174 119 0 -460 -74 1 1
538 -531 539 -111.354 -357 -25 2 333 194 3 1
539 -532 540 2246.55 205 -125 1 377 -208 2 2
540 -533 -534 -443 48 210 1 -168 -140 2 1
541 -537 542 0 309 88 0 -369 239 2 1
542 -538 543 0 -84 341 2 335 -12 3 2
543 544 548 0 249 -364 2 327 79 3 2
544 -539 545 -8.22886 -93 -41 2 42 154 0 1
545 -540 546 -702.767 -457 -305 1 -32 26 2 1
546 -541 547 -2296.54 3 -328 1 -90 64 1 2
547 -542 -543 -932.586 260 -281 1 -101 -130 0 2
548 549 552 0 107 -288 3 -422 -189 2 2
549 550 -547 -409.881 434 -210 3 -37 -40 3 1
550 551 -546 930.274 -165 -127 2 216 -236 2 2
551 -544 -545 0 -391 267 2 -202 141 2 1
552 -548 553 0 227 -108 1 319 -18 2 2
553 -549 554 0 163 296 1 230 -257 1 1
554 -550 555 0 237 -131 1 -164 247 3 1
555 556 829 2459.68 298 25 0 285 -160 1 2
556 557 569 -3927.65 20 -221 2 -34 -190 1 2
557 -551 558 0 117 -348 0 -369 -146 2 2
558 559 560 0 -459 355 0 -363 -196 2 2
559 -552 -553 1286.61 -323 -31 2 -79 38 3 2
560 561 562 -1323.29 231 15 2 12 5 2 2
561 -554 -555 -299.234 -489 -343 1 -2 165 2 1
562 563 568 -1372.54 -143 291 0 -53 95 1 2
563 -556 564 0 274 275 0 -338 -213 1 2
564 -557 565 329.206 -32 -54 1 -278 276 1 1
565 566 -561 -1581.78 -457 94 2 -142 -109 1 2
566 -558 567 -1208.96 368 225 2 -217 2 0 2
567 -559 -560 1661.07 -81 -124 1 -136 136 2 2
568 -562 -563 296.483 -40 14 2 -310 -284 2 1
569 570 572 0 -316 -81 3 -351 215 1 1
570 -564 571 -340 -461 -209 0 -80 170 0 1
571 -565 -566 201.461 -244 165 3 -360 -81 1 1
572 573 576 0 -260 -285 1 306 51 2 2
573 -567 574 240 -91 -43 1 427 197 1 1
574 575 -570 -148.969 -172 -232 1 134 -86 1 1
575 -568 -569 121.515 35 -122 2 -171 -292 1 1
576 -571 577 0 437 253 3 -407 -238 2 1
577 -572 578 0 346 -62 2 -67 -353 2 1
578 579 582 0 -76 181 1 267 -202 0 2
579 -573 580 2227.95 158 -73 1 279 322 2 2
580 -574 581 2374.63 53 -162 3 -290 139 1 2
581 -575 -576 898.934 94 -61 3 -444 15 2 1
582 583 585 0 63 277 0 159 -329 0 1
583 -577 584 -494.029 -213 -101 2 -313 -188 2 1
584 -578 -579 -197.559 -205 -140 1 -315 -341 3 2
585 586 605 0 384 -237 3 -425 70 3 2
586 587 -599 828.267 -2 12 1 -141 -316 1 1
587 588 604 3521.5 -16 -95 2 328 108 1 2
588 -580 589 391.537 -401 -1 2 -102 280 0 2
589 590 591 -1334.7 416 211 2 -20 -180 3 2
590 -581 -582 -3452.49 300 120 3 20 0 2 2
591 592 -596 -117.605 -440 -97 0 -340 131 3 1
592 593 -595 -1474.36 96 257 0 -133 -127 2 2
593 -583 594 483.806 -138 88 1 357 -216 2 2
594 -584 595 768.333 -7 148 1 390 286 0 2
595 -585 596 -475.592 -252 -140 3 -318 86 2 1
596 597 -594 632 -172 67 2 103 162 3 1
597 -586 598 0 39 293 3 -408 183 2 1
598 -587 599 -523.939 394 255 2 -183 94 1 1
599 600 -593 -530.368 -446 -217 3 57 159 2 2
600 -588 601 -72.2355 -286 154 1 -325 151 0 2
601 -589 602 -235.912 -457 -39 2 -132 178 3 1
602 603 -592 1762.14 -130 40 2 209 -260 2 2
603 -590 -591 1565.59 -80 -144 0 393 -113 2 2
604 -597 -598 -2124.12 262 -9 2 -101 59 1 2
605 606 607 0 408 155 3 206 -261 3 1
606 -600 -601 0 391 384 3 -183 -29 2 2
607 608 610 0 394 94 1 -398 -255 2 2
608 -602 609 0 31 -184 0 -18 -256 2 1
609 -603 -604 298.145 -112 -130 3 371 300 2 1
610 -605 611 0 285 -154 2 25 -350 3 1
611 612 626 0 93 -238 1 -415 149 1 2
612 613 -620 -49.6499 -309 128 2 -73 -54 2 1
613 614 -619 -893.169 -158 220 3 -309 -13 2 2
614 -606 615 238.534 46 -137 2 -402 188 2 2
615 -607 616 240.549 -312 -61 1 235 -182 3 1
616 -608 617 0 395 -127 1 -88 -185 2 1
617 618 -618 3991.67 -2 -24 2 164 -162 1 2
618 619 -617 824.469 42 -175 1 331 -278 2 1
619 620 621 -2775.77 346 -107 0 -134 17 1 2
620 -609 -610 -2562.92 324 -245 0 -99 27 3 2
621 -611 622 243.016 -12 31 2 350 180 1 2
622 -612 623 -1696.7 -472 259 2 -376 137 2 2
623 624 -616 707.473 15 -130 0 24 -7 2 2
624 625 -615 -975.539 -435 -107 1 -327 -95 1 2
625 -613 -614 -2140.37 182 304 2 -166 158 1 2
626 627 628 0 -403 210 2 212 -257 2 2
627 -621 -622 -470.857 19 330 1 -124 97 1 1
628 -623 629 0 -437 -292 1 281 229 0 1
629 630 638 0 367 -131 3 -385 -291 2 1
630 -624 631 0 -49 134 2 -255 -345 0 2
631 632 635 0 65 275 1 27 -13 2 2
632 633 634 0 -359 -311 2 -333 -188 1 1
633 -625 -626 0 -463 -277 1 -201 -302 2 2
634 -627 -628 4080 -282 -187 1 -83 329 0 2
635 636 637 0 173 269 3 -243 -318 0 1
636 -629 -630 -1198.79 267 -377 2 -72 -9 3 2
637 -631 -632 20.188 -376 92 3 364 -268 1 1
638 -633 639 0 428 -167 1 286 -200 2 2
639 640 642 0 -357 -270 2 -417 -88 2 1
640 641 -636 1430.79 -112 -126 3 295 38 1 2
641 -634 -635 0 192 -299 2 -76 -196 1 2
642 -637 643 0 179 -264 1 202 -271 2 1
643 644 649 0 297 259 3 298 -177 1 2
644 -638 645 370.911 41 -72 0 -128 88 3 2
645 646 -643 -531.956 310 183 1 -61 111 1 2
646 -639 647 -833.707 319 41 3 -174 -115 1 1
647 -640 648 -543.826 -63 -53 1 -131 -137 3 2
648 -641 -642 523.71 113 139 1 -230 91 2 1
649 -644 650 0 -396 -48 2 -411 157 3 2
650 -645 651 0 409 31 3 -401 -222 1 2
651 652 661 0 -278 -188 2 265 -184 3 2
652 653 -655 2044.6 109 -79 2 -37 -52 1 2
653 -646 654 -3361.86 128 -194 3 -199 -91 1 2
654 -647 655 -3687.92 -268 -307 0 223 -163 1 2
655 656 657 -235.084 326 -287 1 -147 162 0 1
656 -648 -649 3403.96 180 -62 2 -375 -112 2 2
657 -650 658 0 328 295 3 -233 162 3 2
658 -651 659 0 -462 -233 2 -52 171 3 1
659 660 -654 2456.86 -14 50 2 -493 224 1 2
660 -652 -653 -1641.14 -112 85 3 -60 -112 1 2
661 662 665 -2733.45 28 -323 3 269 158 1 2
662 663 -659 -1131.16 296 14 2 138 -97 1 2
663 664 -658 -3129.71 -401 -162 1 -196 -31 2 2
664 -656 -657 0 -136 -352 3 -220 -178 3 1
665 666 668 0 336 -110 1 -413 -101 0 1
666 667 -662 -312.474 446 -324 3 -388 78 1 1
667 -660 -661 218.496 -411 98 0 -141 266 3 1
668 669 670 -2039.7 442 176 2 -321 153 0 2
669 -663 -664 2142.68 37 -98 3 241 326 2 2
670 671 676 0 386 248 2 -370 -322 0 2
671 672 674 0 -189 339 2 65 -253 2 1
672 -665 673 -996.511 -164 126 2 -242 -188 2 1
673 -666 -667 -1118.72 98 224 2 -347 -137 3 2
674 675 -670 -1871.89 190 114 2 -180 -281 3 2
675 -668 -669 405.545 -38 -17 2 395 -46 3 1
676 677 678 0 -494 -230 1 291 210 1 1
677 -671 -672 44.6832 234 -125 2 440 185 2 1
678 679 684 0 130 -215 2 -408 -184 1 1
679 680 -678 1781.3 -233 106 1 147 -211 2 2
680 681 -677 -220.584 -104 -308 0 -149 -128 0 1
681 682 683 708.911 -106 -171 1 48 -209 2 1
682 -673 -674 418.491 -351 1 3 433 -283 1 1
683 -675 -676 761.604 -97 -134 2 197 280 2 1
684 685 686 -1017.31 -297 243 2 201 57 1 1
685 -679 -680 -2116.65 -165 -58 2 45 2 3 2
686 687 697 0 403 -274 2 -323 232 2 2
687 688 689 423.434 -154 16 3 154 -294 0 1
688 -681 -682 -64.6714 -371 -27 1 -90 105 0 1
689 690 691 -2153.25 -111 -311 0 -301 108 1 2
690 -683 -684 647.975 -205 190 1 477 248 2 2
691 692 696 0 -402 194 1 -341 224 2 2
692 693 -689 164.786 156 87 0 -224 327 2 1
693 694 -688 0 -434 -145 1 -348 -96 1 1
694 -685 695 -370 -317 68 1 -330 -70 1 2
695 -686 -687 -658.323 481 169 1 -62 176 2 1
696 -690 -691 -263.378 280 206 1 172 230 3 1
697 698 718 0 -399 282 0 294 -129 1 2
698 -692 699 -942.481 470 326 2 154 4 2 1
699 700 -712 -199.854 -355 -302 3 -2 51 2 2
700 701 -711 2271.1 109 116 2 -19 181 2 2
701 -693 702 -402.647 -50 -69 1 197 183 2 1
702 -694 703 -409.295 -395 -83 1 -20 113 2 1
703 -695 704 664.828 -27 -38 1 -297 71 2 2
704 705 -710 892.241 -51 43 2 -295 -282 0 1
705 -696 706 0 317 108 1 276 198 0 1
706 -697 707 900.041 192 -10 1 -468 250 2 2
707 708 -709 -191.808 -329 78 2 3 43 2 2
708 709 -708 2431.63 -88 87 0 185 -329 1 2
709 -698 710 -3130.25 1 242 3 -84 -102 2 2
710 711 -707 3531.93 -161 -11 3 308 332 2 2
711 712 -706 94.9349 259 171 0 53 26 1 1
712 713 -705 310.828 -120 -166 1 172 82 1 1
713 -699 714 -3527.99 -403 -297 2 107 -116 2 2
714 -700 715 -3804.08 -305 246 2 -29 25 1 2
715 -701 716 -872.62 -430 -184 3 273 32 3 1
716 717 -704 -253.296 185 -302 3 -19 -60 3 1
717 -702 -703 -445.433 194 240 3 55 -84 1 1
718 -713 719 0 358 152 1 -244 243 1 2
719 720 823 3240.59 232 186 2 4 308 0 2
720 721 723 0 -19 118 1 -407 -171 2 2
721 -714 722 90.5842 -20 55 1 486 -35 0 1
722 -715 -716 766.56 -44 -2 0 -470 -175 0 1
723 724 725 0 -310 221 1 292 192 0 2
724 -717 -718 0 -92 -243 2 84 -131 2 2
725 -719 726 0 -399 294 1 -157 244 2 1
726 727 729 0 202 49 1 -219 237 1 1
727 -720 728 0 -160 -184 3 -259 45 3 1
728 -721 -722 -62.7551 -358 -277 1 -228 190 0 2
729 730 735 0 -394 -190 3 -410 32 1 1
730 731 -728 3721.85 -327 5 2 -443 -307 2 2
731 -723 732 -416.493 -433 130 0 -332 142 3 1
732 -724 733 -745.661 -193 237 1 -161 -159 2 1
733 734 -727 685.613 -160 -64 1 272 88 1 1
734 -725 -726 808.084 -19 -36 1 -30 -234 1 1
735 736 814 500.28 72 -303 3 209 -137 1 1
736 -729 737 0 -375 284 2 288 197 1 1
737 738 754 0 -282 -253 0 -302 -313 0 2
738 -730 739 1761.58 24 -48 1 304 167 2 2
739 740 753 115.147 -352 71 2 -306 198 0 1
740 741 -744 1402.17 -352 -219 1 -282 168 3 2
741 -731 742 2097.85 2 -118 1 158 152 0 2
742 743 -743 616.552 -263 31 2 15 259 1 1
743 744 -742 -8.50179 -75 -384 2 -181 -168 1 1
744 -732 745 -4033.14 293 198 3 80 -43 2 2
745 -733 746 -2932.01 -342 -112 1 -135 -240 3 2
746 -734 747 372.05 -17 -265 1 69 16 1 2
747 -735 748 -1839.28 18 197 1 -289 -216 2 2
748 -736 749 -457.969 200 278 1 -314 10 2 1
749 750 -741 2637.9 -127 -307 1 -184 236 1 2
750 751 -740 434.124 -3 55 2 5 91 1 1
751 -737 752 229.134 -256 -277 3 392 -136 2 1
752 -738 -739 -514.304 209 384 2 38 -322 1 1
753 -745 -746 0 128 55 2 -369 -165 1 2
754 755 758 0 317 -102 3 270 202 2 2
755 -747 756 0 174 -210 2 206 228 0 2
756 -748 757 215.49 135 -47 0 112 -173 2 1
757 -749 -750 1287.49 72 152 1 281 -213 0 2
758 759 761 0 136 247 3 157 -319 0 2
759 -751 760 0 246 -58 2 192 -299 0 2
760 -752 -753 262.97 173 -84 0 272 163 2 1
761 -754 762 0 210 -191 2 -345 -317 2 2
762 -755 763 0 291 44 1 160 -317 1 2
763 -756 764 0 -285 285 1 -143 -342 3 1
764 765 772 0 -306 -2 3 278 72 1 2
765 766 767 -3876.98 355 258 2 119 -6 3 2
766 -757 -758 3061.62 203 -125 2 -496 278 2 2
767 768 -764 95.0596 264 187 1 250 -93 3 1
768 769 770 -3928.04 -184 -249 3 -99 -101 0 2
769 -759 -760 1917.06 35 -72 3 128 21 0 2
770 771 -763 1949.02 -83 150 1 -38 40 2 2
771 -761 -762 -1968.16 115 212 1 6 95 3 2
772 -765 773 0 404 180 3 145 -325 0 1
773 -766 774 0 360 -44 0 177 241 0 1
774 775 781 0 -25 -322 3 -210 -320 2 1
775 776 -773 503.038 -297 19 0 -353 45 2 2
776 777 -772 0 -117 239 2 120 2 3 2
777 -767 778 159.196 130 -16 2 358 -5 2 1
778 779 -771 2105.72 -55 -289 2 -176 305 1 2
779 -768 780 89.1269 80 7 3 338 56 1 1
780 -769 -770 -58.1526 118 -112 2 128 -215 2 1
781 -774 782 0 -357 159 2 -369 219 2 2
782 783 786 0 -393 285 1 94 -317 0 1
783 -775 784 -898.375 281 84 1 42 -70 1 1
784 785 -778 0.721458 142 -225 1 -27 367 1 2
785 -776 -777 52.9758 -65 -23 1 -6 399 1 1
786 -779 787 0 -83 248 0 -85 -331 2 2
787 788 790 0 122 -225 0 -350 -309 2 2
788 789 -782 680.257 -372 -131 1 350 6 0 2
789 -780 -781 781.267 -360 49 0 -26 257 0 2
790 791 792 0 348 -222 1 232 -238 1 1
791 -783 -784 278.721 151 82 1 193 205 1 1
792 -785 793 0 -427 42 0 193 -308 1 2
793 -786 794 0 166 -103 1 13 236 1 1
794 795 805 0 -149 -208 3 263 -166 0 2
795 -787 796 0 145 -352 1 -133 220 1 2
796 -788 797 -3888.91 321 18 3 225 -150 1 2
797 -789 798 0 -89 200 2 -233 192 3 2
798 799 800 1197.48 101 -81 2 -369 -227 2 2
799 -790 -791 656.62 -231 28 1 243 -268 1 2
800 801 804 -997.565 -257 280 0 -188 -84 1 2
801 802 803 -540.119 138 -317 2 -228 92 1 1
802 -792 -793 -2213.15 146 283 3 30 -126 1 2
803 -794 -795 416.137 82 183 3 -38 258 2 1
804 -796 -797 0 417 -196 1 -230 -64 2 1
805 806 807 0 -395 -55 2 275 -138 0 1
806 -798 -799 -23.7096 -157 -76 0 3 -28 0 1
807 -800 808 0 177 -314 1 200 240 2 2
808 -801 809 0 -85 217 2 -217 -316 2 2
809 810 -807 0 -23 -248 2 -343 -289 3 1
810 811 -806 102.599 -206 -307 2 -261 -368 2 1
811 812 813 -832.73 391 179 2 -358 -242 2 2
812 -802 -803 0 290 166 1 27 -224 2 2
813 -804 -805 -811.509 -223 184 3 -4 -52 1 1
814 -808 815 -612.985 279 195 1 -160 65 1 1
815 -809 816 -1020 -239 128 0 -215 -345 1 1
816 817 819 -195.285 486 292 0 190 10 2 2
817 818 -812 2381.68 -236 3 1 -216 4 1 2
818 -810 -811 971.937 -17 -309 3 -194 183 1 1
819 820 -817 4080 -57 -258 1 130 -49 1 2
820 -813 821 0 345 -307 2 185 -266 3 1
821 -814 822 81.7468 -160 -140 2 -460 -165 0 1
822 -815 -816 0 179 -139 2 -368 -315 1 2
823 824 828 1738.74 -233 111 2 341 22 0 2
824 825 827 392.739 283 25 3 -140 -267 0 2
825 826 -820 3725.68 116 -90 0 305 -333 1 2
826 -818 -819 0 -216 -205 0 274 192 3 1
827 -821 -822 -3609.99 420 -299 2 175 -73 1 2
828 -823 -824 3545 181 -71 2 363 356 3 2
829 -825 830 85.1686 -78 -127 0 64 273 0 1
830 -826 831 -938.419 222 308 2 65 -89 1 1
831 -827 832 0 13 -238 1 323 -53 2 2
832 -828 833 -194.554 -121 -68 1 160 106 0 1
833 -829 -830 -595.108 83 -51 2 235 -83 2 1
835
0 108.833 155 
1 90.2273 136.818 
2 98.5244 141.293 
3 101.333 149.333 
4 62.7632 154.579 
5 100.47 156.333 
6 -193.5 -133 
7 -193.5 -147 
8 248.071 -15.2143 
9 224 47 
10 188.167 63.6667 
11 217.778 50.1111 
12 188.235 55.3529 
13 197.667 49.6667 
14 203.4 62.6 
15 193.6 50 
16 206.194 52.9722 
17 195 62.25 
18 188.6 46.6 
19 -121 59.2778 
20 74.0333 160.067 
21 87.9615 159.923 
22 -120 56.5 
23 88.5 155 
24 70.5 155 
25 78.5 155 
26 -64 -175.5 
27 88.2826 148.13 
28 79.5 148 
29 70.7174 147.87 
30 58.3889 146.778 
31 -112 -175.5 
32 -100 -175.5 
33 -88 -175.5 
34 -76 -175.5 
35 98.4 129.9 
36 -142.696 -173.761 
37 35.1667 -103.667 
38 96.5909 119.182 
39 -9.66667 69.1667 
40 92.5 125 
41 -128 -175.5 
42 23.7857 -105.429 
43 14.8 -106.3 
44 -154.4 -162.7 
45 245.5 41.5 
46 152.729 -67.2824 
47 81.7051 137.872 
48 73.7 138.8 
49 67.3182 134.455 
50 52.7778 138.722 
51 65.6818 140.091 
52 216 40 
53 223.789 40.1579 
54 232.167 38.6667 
55 188.19 -33.9524 
56 41.0385 129.462 
57 6.83333 89.6667 
58 36.9815 120.63 
59 30.9667 114.6 
60 32.2273 105.727 
61 31.0882 98.2647 
62 40.4565 113.609 
63 23.3 89 
64 20.0882 95.2353 
65 13.1 92.6 
66 -60.1538 -159.769 
67 -62 -170.227 
68 88.5 127 
69 80.5 127 
70 52.5 128 
71 67.2297 127.324 
72 87.7857 105.143 
73 79.5 106 
74 82.9634 115.537 
75 91.2333 111.8 
76 60.4231 112.154 
77 -119 54.5 
78 173.524 -38.748 
79 -231.9 -56.4 
80 -227.58 -47.28 
81 -223.5 -56 
82 -213.5 -50 
83 -228.579 -15.8684 
84 155.875 -51.4821 
85 68.3462 93.4 
86 86.6 97.4 
87 85.1 88.4 
88 77.0556 72.2222 
89 78.2826 80.1304 
90 75.8077 64.2308 
91 68.1 -92 
92 46.9545 -95 
93 59.6818 -96.2727 
94 41.7917 -97.5 
95 49.5 99 
96 49.7857 92.8571 
97 242.9 -14.7 
98 243.885 -23.1923 
99 243.227 -8.31818 
100 244.313 5.40625 
101 244.714 15.4286 
102 244.289 -1.34211 
103 -70 -160.5 
104 -74.375 -167.875 
105 -77 -159.5 
106 -90 -164.5 
107 179.897 61.8205 
108 240.579 12.7105 
109 62.5 82 
110 45.3462 84.641 
111 -124 -170.5 
112 -134.545 -170.409 
113 -114 -170.5 
114 -104 -170.5 
115 232.167 31.1667 
116 221.226 30.871 
117 160 69 
118 -232.5 83 
119 -225.5 83 
120 -216.071 83.4286 
121 -230.962 65.6923 
122 -214.7 79.2 
123 -224.233 60.1333 
124 -217.096 69.5088 
125 -216.9 57.8 
126 -224.3 54.8 
127 -224.682 75.2727 
128 -212.5 57.5 
129 -232.029 58.8235 
130 -231.5 74 
131 238.5 -15.5 
132 -3.40909 75.5455 
133 11.6176 77.8471 
134 2.1 78.6 
135 217.538 -7.92308 
136 233.773 -14.3182 
137 229.808 -21.8077 
138 204.833 -17.6964 
139 93.3 -77.4 
140 234 24 
141 195 41 
142 207 41 
143 161.6 -31.2 
144 157.143 -32.5714 
145 156.887 -43.2339 
146 168.7 -35.6 
147 -103 -163.5 
148 -112 50.5 
149 -120 50.5 
150 -138.474 50.2895 
151 -128 50.5 
152 28.5 83 
153 236.824 7.58824 
154 236.857 16.7143 
155 231.526 -8.10526 
156 231.542 8.63679 
157 228.7 29.9 
158 228.318 36.7727 
159 -61.4545 -150.591 
160 70.5667 72.4667 
161 138.5 -74 
162 139.492 -73.0615 
163 173.5 -64.8462 
164 145.5 -74 
165 140.591 -83.2727 
166 114.1 -72.6 
167 123 -71.3333 
168 137.864 -86.7273 
169 -63.1915 -141.968 
170 -11.2692 -115.923 
171 -113 -166.5 
172 -124 -166.5 
173 -134 -166.5 
174 -144 -166.5 
175 45.5 79 
176 209.238 33.8571 
177 199.556 34 
178 64.9545 -88.8182 
179 74.1667 -88.4167 
180 -225.176 -33.5676 
181 -196.9 -56.2 
182 -203.773 -55.8182 
183 106.773 -73 
184 99.1667 -73.1667 
185 184.091 44.6364 
186 -164.148 -143.648 
187 -161.692 -153.5 
188 64.5 74 
189 148.615 -45.1538 
190 125.871 -31.5806 
191 115.8 -35.8 
192 105.778 -29.0556 
193 115.833 -29.5 
194 146.08 -34.04 
195 135 -32 
196 55.5 74 
197 46.5 74 
198 38.5 74 
199 28.5 74 
200 160.727 65.1818 
201 167.756 61.3902 
202 152 63 
203 141.357 62.9286 
204 110 59.5 
205 129.733 62.8 
206 119.818 61.5455 
207 61.5 68 
208 82.1842 -76.5789 
209 -155.895 -144.868 
210 -160.286 -133.071 
211 -168 -130.5 
212 -156.182 -154.773 
213 -224.5 49 
214 -232.5 49 
215 -214.5 49 
216 175.727 50.4545 
217 -77 -146.5 
218 -0.5 64.0667 
219 -12.449 59.8571 
220 -238.25 9.5 
221 -233.5 1 
222 -234.5 8.8 
223 -224.133 6.73333 
224 -213.167 40.5333 
225 -224.7 37.5667 
226 -228.683 22.5413 
227 -213.214 28.5714 
228 -213.5 21 
229 141 -68.4 
230 141.593 -56.2593 
231 216.418 14.8981 
232 163.73 51.3243 
233 36.3923 -88.5077 
234 55.3824 -88.8824 
235 214.167 -7.83333 
236 205.2 11.8 
237 201.774 0.0273973 
238 203.5 -0.2 
239 189.045 44.4091 
240 200.5 37.2143 
241 192.1 32.7 
242 199.1 44.3 
243 192 34 
244 194.473 7.3791 
245 204.269 -4.46154 
246 -231.167 15.1111 
247 -229.885 5.53846 
248 71.5 -79 
249 66.94 61.64 
250 53.9 63.2 
251 -58.5455 -129.227 
252 -100.857 51.3571 
253 82.1772 -53.1013 
254 24.1368 66.0316 
255 -87 -149.5 
256 141.6 -45.3556 
257 -192.1 79 
258 -201.606 78.8936 
259 -185.409 77.4545 
260 -176.417 78.3333 
261 -158 -120.5 
262 -167.714 -120.214 
263 -200.5 -48 
264 -219.5 -18 
265 -220.654 -5.38462 
266 -221.643 12.1429 
267 -225 3.09211 
268 -237.98 10.78 
269 150.591 -38 
270 158.5 -38 
271 143.042 -39.0625 
272 180 30 
273 183 26 
274 170 27.3333 
275 149 31 
276 184 19 
277 183.682 10 
278 134.1 11.4 
279 135 25 
280 144 24 
281 160.083 -7.1465 
282 146.955 23.6364 
283 153.192 4.15385 
284 145.682 4.72727 
285 144.3 13 
286 140.423 -16 
287 62.5 -81 
288 174.912 17.0294 
289 176.405 36.1825 
290 170.182 35.7273 
291 169.8 42.6 
292 -157.231 -67.1923 
293 -189.5 -54 
294 -170 -111.1 
295 -168.545 -101.318 
296 126.167 -49.3333 
297 -205.22 66.8 
298 -194.5 67.2308 
299 -186.5 66.7143 
300 152.286 52.2857 
301 142.5 55.5 
302 148.463 31.3595 
303 141.111 49.8889 
304 162.632 36.2632 
305 -189.3 -44.4 
306 -182.5 -54 
307 70.5667 55 
308 60.2273 54.8182 
309 -135 46.5 
310 106.676 -53.8235 
311 116.9 -49.5 
312 125.214 -33.5714 
313 136.955 -35.0909 
314 140.7 -27.8 
315 122.033 -25.4667 
316 137.864 -15.2727 
317 131.233 -26.3111 
318 125.5 -15 
319 52.3095 -71.9405 
320 20.5 -98 
321 123.8 -25.4 
322 109.6 -26.2 
323 107 -46.25 
324 114.287 -40.9366 
325 136.786 -41.6429 
326 -52.6905 -123.095 
327 -165.794 -146.882 
328 -175.786 -147.571 
329 -185.7 -148.2 
330 127.7 1.7 
331 115.733 52.8667 
332 124.644 45.2444 
333 130.923 54.6923 
334 9.44286 -15.7286 
335 38.0455 -14.5909 
336 21.7857 -16.5 
337 14.0714 -24.7857 
338 21.7532 -31.2215 
339 33.2391 -20.0217 
340 29.8333 -13.1667 
341 35.5 -26.8333 
342 8.40909 -25.6818 
343 4.33333 -25.1667 
344 20.6429 -41.0714 
345 23.5 -47.6667 
346 -66 -129.5 
347 122.395 42.5526 
348 123.954 5.44877 
349 -161.06 -51.92 
350 -184.833 -43.1667 
351 -205.5 -40 
352 -182.5 -46.1667 
353 -165.1 -45.8 
354 -175.964 -46.3214 
355 -169.676 -55.7647 
356 -161.9 -41.2 
357 112 -1 
358 62.1429 -1.42857 
359 84.2937 -26.0403 
360 63.7419 -26.871 
361 -191.336 -32.6918 
362 -181.1 -28.2 
363 -179.9 -34.8 
364 -168.5 -32 
365 -185.5 -28.9 
366 -208.5 -32 
367 67.6429 51.4286 
368 54.8684 52.1579 
369 45.5 57.6667 
370 36.6765 52.2941 
371 36.2273 59.1818 
372 46.0455 50.4545 
373 50 -2 
374 59.0385 -51.6923 
375 59.5 -46 
376 59.6429 -38 
377 50 -12 
378 59.7 -9.1 
379 50 -19 
380 48.7148 -28.6074 
381 50 -6 
382 108 55 
383 -166.5 80 
384 -138 40.5 
385 -143.545 -132.773 
386 -144 -161.5 
387 -149.231 -155.192 
388 -141.6 -155.3 
389 -145.56 -145.58 
390 40.2222 -29.7778 
391 24.6 -30 
392 10.125 -56.7708 
393 48.5 -48 
394 17.6053 -42.8421 
395 31.5714 -30.1429 
396 30.5 -53 
397 25.962 -40.9185 
398 11.6 -30.4 
399 45.2778 -48.1333 
400 10.3077 -29.9231 
401 59.3974 74.5128 
402 69.6818 72.7273 
403 79.5909 71.8182 
404 -130 -162.5 
405 -114 -162.5 
406 34.9783 -75.2174 
407 39.3571 -66.5714 
408 32.5 -63.7143 
409 -216.5 -6 
410 -212.5 -0.642857 
411 -195.722 -7.77778 
412 -206.045 -1.04545 
413 -221.654 0.269231 
414 122.786 16.5714 
415 123.5 1.4 
416 114.324 18.2353 
417 115.326 4.42361 
418 106.545 47.7273 
419 106.854 16.7168 
420 -154.5 -47 
421 -154.5 -55 
422 -201.5 55 
423 -186.786 56.7143 
424 -39 71 
425 106.5 1.5 
426 97.5 1.5 
427 16.5 61 
428 -73 -133.5 
429 -207.5 44 
430 -215 -17.5 
431 21.8929 -29.3393 
432 44.5 -30 
433 26.4091 54.8182 
434 -177.5 70 
435 -98 48.5 
436 96.6111 -0.555556 
437 -230.567 8.96667 
438 -215.088 7.05882 
439 8.5 58 
440 -161.5 72 
441 -160.3 78.4 
442 -169.071 72.7143 
443 24.5 -89 
444 25.3824 -77.7059 
445 -179.109 52.4348 
446 -176.318 63.2727 
447 -208.793 -6.73171 
448 -197.106 -6.78788 
449 -197.521 18.8203 
450 -187.5 -19 
451 -197.58 -18.74 
452 -207.5 -19 
453 -192.773 -16.1364 
454 -178.5 -19 
455 95.875 28.625 
456 96.1053 21.9474 
457 93.904 0.260671 
458 -90.9091 -150.955 
459 14.4315 -89.411 
460 17.7222 -68.3333 
461 -182 -18.25 
462 79 11 
463 93.1279 3.39535 
464 84.3 -12.4 
465 76.1111 -13.7222 
466 76.7288 2.88136 
467 85.1364 1.45455 
468 78.9231 4.23077 
469 88 8 
470 74.8491 -34.4057 
471 -167.929 63.4286 
472 -137.737 30.9211 
473 -123.553 80.1053 
474 -153.227 56.7273 
475 -121.63 70.7826 
476 -119.5 59 
477 -124.318 56.5455 
478 -160 64.6667 
479 -152.5 75.8824 
480 -164.9 56.4 
481 -140.265 80.9412 
482 -140.885 64.877 
483 -169.643 63.1429 
484 -160.038 49.1538 
485 -184.214 48.0714 
486 -172.816 48.5789 
487 50.2059 -25.0588 
488 32.0882 -39.1765 
489 35.7785 -23.1646 
490 -162 -110.5 
491 -123 -159.5 
492 -105.263 -156.342 
493 90.7353 48.2824 
494 -122.667 -146.36 
495 -134.571 -136.833 
496 -102.786 45.7143 
497 48.5 45 
498 59.625 45.25 
499 68.2273 45.1818 
500 -153.5 -32 
501 -152 -41.5 
502 -149.5 -52 
503 81.1667 0.333333 
504 105.5 30 
505 105.206 55.8824 
506 91.066 17.6415 
507 91.4762 40.8095 
508 89.9 32.1 
509 105.5 44 
510 95.7143 35.1429 
511 105.5 36 
512 89 5.5 
513 88.9063 -4.25 
514 92.6429 65.1429 
515 72.4333 1.33333 
516 57.3 7.7 
517 63.3 -15.6 
518 63.74 -9.7 
519 61.4828 -32.569 
520 59.9231 0.153846 
521 78.9 65.6 
522 82.0882 56.7647 
523 93.9286 55.4286 
524 40.5909 6.36364 
525 76.3846 -0.115385 
526 70.1667 -1.5 
527 78.6875 -12.1875 
528 78.7895 -21.8158 
529 60.2381 -19.5952 
530 70.3043 -18.6304 
531 82 0.5 
532 82.4231 9.07692 
533 71.4643 0.357143 
534 83 -0.8 
535 65.64 -8.78 
536 63.2 1.1 
537 -125.909 42.3182 
538 94.9474 26.8684 
539 94.3235 48.5882 
540 94.0455 32.7273 
541 94.7727 25.8182 
542 83.697 16.4091 
543 95.3182 19.4545 
544 -168.5 -9 
545 -166.18 -18.56 
546 -181.177 -15.5968 
547 -160.167 -11.1667 
548 87.4091 27.1818 
549 34.7 -54.2 
550 -7 57.1176 
551 -124.714 -3.5 
552 -119.733 -11.6333 
553 -120 -2.5 
554 -113.143 -9.21429 
555 -111 -17.5 
556 -99 -18.5 
557 -87.5 -20 
558 -77.6364 0.681818 
559 -85.4679 -5.81193 
560 -98.1818 -2.71212 
561 -100.727 -12.2273 
562 -108.976 -1.69512 
563 -118.2 3.3 
564 -114.214 69.5714 
565 -101.675 72.8247 
566 -91.6667 66.8333 
567 77.2857 49.7143 
568 79.881 20.9524 
569 61.2878 9.55755 
570 74.3889 17.7778 
571 -163.174 -92.5 
572 -146.136 -150.818 
573 20.5 -40 
574 34.5 -25 
575 24.8529 -20.1471 
576 19.3 -25.7 
577 -94.1818 -136.591 
578 -94.3333 -148.667 
579 -82.7727 -136.303 
580 -181.7 -1.6 
581 -169.773 -3.81818 
582 -162.9 -4.2 
583 -166.587 38.6957 
584 -166.5 33 
585 -168.214 21.4286 
586 -181.813 35.5 
587 -167.333 29.1667 
588 -164.667 25.8333 
589 -181.5 28.5 
590 -166.36 13.814 
591 -181.709 16.6642 
592 -178.5 3.5 
593 -181.833 5.16667 
594 -165.9 8.4 
595 -166.5 2 
596 -166.333 42.5 
597 -172.8 6.2 
598 -179.692 5.76923 
599 -180.912 41.2647 
600 14.5 -57 
601 26.5 -57 
602 -155 -109.5 
603 -158.313 -99.3125 
604 -157.228 -80.4474 
605 -136.595 -146.968 
606 -167.5 47.0714 
607 -154.591 29.8182 
608 -161.636 -4.81818 
609 -169.5 36.5 
610 -168.875 24.25 
611 -154.773 -0.545455 
612 -167.727 -7.13636 
613 -154.375 13.375 
614 -168.5 9.80645 
615 -154.5 7 
616 -169.5 -1.5 
617 -164.19 4.2381 
618 -169.864 26.2273 
619 -154.1 20.9 
620 -153.773 42.1818 
621 27.7857 -50.7143 
622 16.5 -51 
623 48.2273 79.8182 
624 -187.5 -140 
625 -147 -109.5 
626 -147 -99.5 
627 -149.867 -130.567 
628 -146.5 -120.667 
629 -189.346 -118.692 
630 -187.5 -132 
631 -189.5 -105 
632 -189.5 -92 
633 41.875 -22.875 
634 -155.5 -20 
635 -155.773 -9.63636 
636 -170.875 -9.875 
637 6.59091 -107.364 
638 48.4 -37.1 
639 54.1818 6.63636 
640 49.2143 0.928571 
641 50.7727 -17.697 
642 59.125 3.58333 
643 64.1 -1.6 
644 -148.5 41 
645 -141.346 -49.6923 
646 23.4737 -3.21053 
647 42.7619 -2.80952 
648 37.5294 -11.8235 
649 33.9091 -3.36364 
650 20.8 -13.2 
651 27.6923 -4.69231 
652 30.7692 -12.3846 
653 27.3522 -25.0989 
654 37.0135 -9.89189 
655 49.4487 -11.3333 
656 30 5 
657 40.6931 12.1287 
658 28.4615 16.0769 
659 56 15 
660 -151.5 -20 
661 -151.5 -10 
662 -166.5 -11.5 
663 -83.1618 2.07353 
664 -102.24 12.506 
665 -131.706 -129.206 
666 -136.333 -145.333 
667 -130.833 -149.833 
668 -171.1 -138.6 
669 -175.747 -125.667 
670 -178.071 -141.286 
671 59.9375 62.6875 
672 51.2632 35.8947 
673 -145.731 -16.3077 
674 -146.5 -7 
675 -161.5 -15.5 
676 -160.118 -5.35294 
677 -146.786 -23.8571 
678 -145.5 -36 
679 41.0294 -15.5882 
680 17.3235 -16.0882 
681 -116.333 36.9762 
682 -128.636 33.7727 
683 -78.9706 80.9412 
684 -64.0385 81.0769 
685 -120.286 41.0714 
686 -107.182 33.5909 
687 -109.9 45.5778 
688 -98 37.5 
689 -94 37.5 
690 -77 36.8333 
691 -86.05 38.2 
692 47.3148 45.9444 
693 60.8333 37.2222 
694 61.75 48 
695 59.3333 6.16667 
696 52.3846 24.5385 
697 47.6316 -27.3947 
698 35.625 -5.875 
699 40.7 -3.1 
700 47.2826 20.3696 
701 61.9286 20.5714 
702 45.8544 -3.18038 
703 63.9706 10.1176 
704 62.2692 33.2308 
705 46.7 6.96667 
706 24.6429 7.42857 
707 47.9783 28.8043 
708 28.6667 4.16667 
709 62.2273 14.7273 
710 46.6667 36.4167 
711 44.25 -23.25 
712 61.6 26.2 
713 -43.8846 64.1538 
714 -146.318 5.09091 
715 -156.5 -2.80769 
716 -155.6 5.2 
717 47.8462 42.9231 
718 60.2692 54.9231 
719 -3.45652 53.087 
720 -54.5 61 
721 -28.9615 47.4615 
722 -21.5 48 
723 -163.941 -9.02941 
724 -162.5 14.5 
725 -158.171 29.9146 
726 -147.1 28.8 
727 -147.409 14.5455 
728 -162.5 47.5 
729 49.4167 52.0833 
730 -178.5 -111 
731 -131.389 -134.222 
732 -109.346 -117.462 
733 -115.409 -139 
734 -119.857 -111.643 
735 -140.389 -114.667 
736 -147.3 -130.76 
737 -148.682 -119.727 
738 -130.725 -128.101 
739 -140.409 -111.091 
740 -122.711 -118.789 
741 -131.409 -114.818 
742 -143.433 -137.933 
743 -108.056 -112.778 
744 -159.244 -131.59 
745 -168.9 -112.2 
746 -158.214 -114.592 
747 39.9286 78.5714 
748 49 53.3333 
749 48.3421 70.7368 
750 39.1458 58 
751 -1.5 -112 
752 -33.7766 -116.106 
753 -18.6935 -114.226 
754 -151.833 -127.533 
755 -17.5 -109 
756 -127.1 -137.6 
757 29.8846 43.6538 
758 37.3 40.1667 
759 22.0714 10.8333 
760 20.7222 -0.611111 
761 48.5 32 
762 32.9714 1.60542 
763 48.5 1 
764 47.8158 42.3158 
765 -47.3333 -122.667 
766 4.88462 49.8205 
767 -73.527 -118.351 
768 -63.4091 -127.364 
769 -54.6429 -115.286 
770 -62.98 -118.04 
771 -47 -114.833 
772 -86.1667 -119.25 
773 -99.5 -115.2 
774 -127.8 22.9 
775 -69.9 -128 
776 -90.5 -111 
777 -69.2143 -113.857 
778 -48.3 -112.2 
779 -128.147 -131.235 
780 -153.5 -104 
781 -164.5 -104 
782 -176.5 -104 
783 37.3182 -43.7273 
784 38.5 -35 
785 0.0454545 -103.818 
786 14.7308 46.0769 
787 66.7 35.8 
788 14.3 -46.1 
789 19.8182 14.2727 
790 36.5 11 
791 29.5 11 
792 14 -36.5 
793 14 -29.5 
794 14.8617 -10.8475 
795 21.1667 8 
796 30.5909 -0.727273 
797 37.6429 1.71429 
798 32.2778 28.7222 
799 15.6458 -1.66667 
800 20.9118 47 
801 -70.5 -109 
802 -162.8 -89.55 
803 -179.643 -91.2381 
804 -147.7 -95.16 
805 -146.75 -85.875 
806 -144.5 -104 
807 -58.0412 -12.2287 
808 -135.4 -109.5 
809 -106.118 -150.559 
810 -57.3846 -109.654 
811 -59.75 -118.75 
812 -64.4 -110.1 
813 -69.1429 -117.214 
814 -121.778 -109.944 
815 -124.571 -124.786 
816 -98.5295 -124.181 
817 -133.736 -116.632 
818 33.0667 25.8 
819 23.5789 24.8947 
820 32.1538 32.3846 
821 40.7273 32.8182 
822 42.0909 25.5455 
823 13.4167 21.1667 
824 16.1818 28.2727 
825 68.75 63.25 
826 58.1538 41 
827 88.5769 40.4615 
828 83.1 41 
829 69.5 41 
830 72.2524 35.2621 
831 73.7085 25.6364 
832 -36.0541 53.9189 
833 137.833 36.8333 
834 239.713 30.3917 
