1024
0 1 3 0 -364 268 2 -157 306 3 1
1 2 -2 -3037.27 -185 198 2 136 172 2 2
2 0 -1 -120.584 -166 -84 2 90 260 2 1
3 4 5 0 238 -397 2 289 339 1 1
4 -3 -4 431.255 100 89 0 380 -362 3 1
5 -5 6 0 53 318 2 -176 297 3 1
6 7 11 0 -311 -267 2 -178 279 0 1
7 8 -10 1630.54 -89 246 0 66 -164 1 2
8 -6 9 0 369 -377 0 -8 290 3 1
9 10 -9 -180.605 303 -186 1 208 93 0 2
10 -7 -8 175.601 -54 -50 1 -141 -7 1 2
11 -11 12 0 -54 -336 1 54 -342 1 2
12 13 14 0 212 72 0 -370 248 1 1
13 -12 -13 0 315 26 0 -380 149 0 1
14 -14 15 0 246 -177 3 191 -367 0 1
15 16 18 0 -124 -214 0 162 346 1 1
16 17 -17 325.802 -76 148 1 -51 -13 3 2
17 -15 -16 2389.25 74 -14 1 -159 -143 2 2
18 -18 19 0 -420 51 1 448 240 2 2
19 -19 20 0 -497 216 2 -372 244 1 1
20 21 23 0 324 81 1 472 207 2 2
21 -20 22 0 419 -206 1 486 -85 2 2
22 -21 -22 858.545 355 -24 3 -223 -336 0 1
23 -23 24 0 -461 -152 2 496 -202 1 2
24 -24 25 0 -15 -314 0 -366 248 1 1
25 26 27 0 224 -258 0 -495 215 3 2
26 -25 -26 0 57 82 2 -192 -106 2 2
27 28 30 0 -321 -178 3 -472 -233 2 2
28 29 -29 -238.111 293 113 1 -309 -199 0 1
29 -27 -28 -216.741 350 44 2 -350 -197 3 1
30 -30 31 0 228 -202 1 -163 301 2 1
31 32 34 0 330 294 0 445 231 2 2
32 -31 33 2176.83 444 145 3 424 -327 2 2
33 -32 -33 3713.26 385 -102 3 -354 -187 1 2
34 -34 35 0 47 141 2 244 272 2 2
35 36 -1024 908.691 372 -248 2 361 266 0 1
36 -35 37 0 269 -156 1 298 317 1 1
37 38 39 0 356 -342 1 -127 332 2 1
38 -36 -37 0 -194 -161 1 -138 280 0 2
39 -38 40 0 200 -297 0 176 344 0 2
40 41 47 0 -21 297 3 340 -237 1 1
41 -39 42 0 265 210 0 -79 121 2 2
42 -40 43 0 -467 178 2 -77 -264 1 1
43 -41 44 1549.49 329 -199 1 443 -240 3 2
44 -42 45 -2208.71 1 390 2 -121 -47 3 2
45 -43 46 -3527.8 -152 392 0 167 -99 2 2
46 -44 -45 388.226 207 19 2 1 -59 1 1
47 -46 48 0 356 -63 3 200 -341 1 2
48 49 56 0 426 103 1 -108 321 1 2
49 50 55 53.7462 -137 137 1 126 -314 0 1
50 51 -52 -2498.15 -183 -320 1 100 171 3 2
51 52 -51 661 280 265 1 186 -376 2 1
52 -47 53 -178.15 387 303 2 -130 166 1 1
53 -48 54 -394.21 -271 384 0 52 304 2 1
54 -49 -50 1907.08 140 -46 2 12 -282 2 2
55 -53 -54 131.536 -147 -53 3 -34 -367 3 1
56 -55 57 0 -203 201 0 243 327 2 2
57 -56 58 0 268 -110 0 440 101 0 1
58 59 60 0 14 185 2 470 -187 3 1
59 -57 -58 0 -369 -58 3 -23 -197 2 1
60 61 62 0 300 249 3 -192 270 2 2
61 -59 -60 -90.227 199 144 2 76 267 0 1
62 -61 63 0 35 -336 1 -376 -345 1 2
63 64 66 0 297 -354 1 405 -226 2 1
64 65 -64 -902.8 77 -308 2 360 -172 2 1
65 -62 -63 3492.05 253 -123 1 468 234 2 2
66 -65 67 0 105 -307 1 498 -163 2 1
67 -66 68 0 177 161 0 -494 -221 3 1
68 69 71 0 -173 196 1 -388 -353 2 2
69 70 -69 -526.15 273 349 3 -343 1 2 2
70 -67 -68 1036.32 -85 -158 2 -411 85 0 2
71 72 73 0 -320 190 1 426 242 2 2
72 -70 -71 -913.772 493 112 3 28 236 0 2
73 74 76 0 -15 226 1 248 297 1 2
74 75 -74 0 -121 -384 2 266 184 1 2
75 -72 -73 -453.207 277 -2 0 208 -61 0 1
76 -75 77 0 362 152 2 -483 -226 1 1
77 78 90 0 128 202 0 165 -329 1 2
78 -76 79 -3999.49 -196 165 1 140 -153 2 2
79 80 89 3385.54 -309 -38 1 -246 196 2 2
80 81 88 -61.3089 59 284 3 -72 -199 2 1
81 82 -84 3571.27 -51 -248 1 181 -168 3 2
82 -77 83 -462.142 286 -280 0 -263 40 2 2
83 -78 84 -725.701 -26 -74 1 -238 -117 2 1
84 -79 85 262.992 69 -107 2 -319 260 2 1
85 -80 86 -1002.24 -419 -67 1 -104 -175 3 1
86 87 -83 2715.72 180 -307 1 -273 -4 1 2
87 -81 -82 1181 191 36 3 56 124 3 2
88 -85 -86 0 411 -130 1 -268 7 1 1
89 -87 -88 920.767 -96 -4 1 -149 6 1 2
90 91 100 0 392 -4 2 259 279 0 2
91 92 -98 3282.67 97 246 1 -102 -248 0 2
92 93 -97 464.56 -120 61 2 346 -26 2 1
93 94 -96 3988.98 180 183 3 115 -203 2 2
94 -89 95 -2053.24 354 75 0 -70 -82 2 2
95 -90 96 -2000.67 170 -326 2 71 233 0 2
96 97 98 -484.358 -137 -168 3 190 -81 2 1
97 -91 -92 3082.14 167 141 2 -212 -230 2 2
98 99 -95 1712.91 274 -109 2 -99 -288 1 2
99 -93 -94 -404.61 264 -331 1 -19 206 1 2
100 101 103 0 -11 -313 0 240 298 1 1
101 -99 102 -592.179 -95 -239 3 175 228 2 1
102 -100 -101 -167.495 -147 -38 2 -6 -68 2 1
103 104 105 -3785.98 -184 -107 0 87 -182 2 2
104 -102 -103 861 3 -125 1 250 364 0 1
105 -104 106 0 -328 215 1 -174 278 2 1
106 -105 107 0 -379 -312 2 -383 -330 1 2
107 108 110 0 -6 -225 2 133 -369 2 1
108 -106 109 -1050.85 -443 -241 1 -352 -240 1 2
109 -107 -108 784.529 -337 -112 1 189 -268 3 1
110 111 113 0 -33 325 0 -327 240 1 1
111 112 -111 248.897 -349 -22 2 489 216 1 1
112 -109 -110 -543.063 -31 -268 0 10 -74 2 1
113 114 115 0 -269 -386 2 211 -311 2 1
114 -112 -113 0 310 2 2 220 -133 1 1
115 -114 116 0 -365 383 2 156 -364 1 1
116 117 118 0 284 -16 0 447 -189 1 2
117 -115 -116 109.761 282 -4 2 -381 5 0 1
118 -117 119 0 27 -140 0 489 116 2 1
119 -118 120 0 -57 -294 2 485 -180 1 2
120 121 122 0 195 7 2 -495 197 2 2
121 -119 -120 491.109 -184 -27 3 -451 -96 0 1
122 -121 123 0 -49 311 2 -396 -342 2 2
123 -122 124 0 -60 -309 2 495 -168 2 2
124 125 126 0 169 -275 2 255 -295 1 2
125 -123 -124 1239.6 -133 -293 1 263 -220 1 2
126 -125 127 0 -188 -264 1 325 -274 1 1
127 128 130 0 -464 -62 3 492 -60 3 1
128 -126 129 -2369.17 -150 -225 2 477 24 1 2
129 -127 -128 -302.247 -48 234 1 320 -154 0 1
130 -129 131 0 476 251 3 328 -240 2 1
131 -130 132 0 220 230 2 313 -250 0 1
132 -131 133 0 276 220 0 431 -210 0 1
133 -132 134 0 459 -48 0 96 300 2 2
134 -133 135 0 -260 -63 0 443 -202 1 1
135 136 138 0 -23 256 0 -261 -368 2 2
136 -134 137 4080 -365 -303 0 -17 219 2 2
137 -135 -136 0 -446 40 3 -380 -276 3 2
138 139 141 0 -383 171 1 87 293 1 1
139 -137 140 0 351 -252 2 -164 270 2 1
140 -138 -139 -1573.79 306 135 1 -153 94 3 2
141 -140 142 0 432 -69 2 477 65 3 2
142 143 144 0 -185 265 2 -197 262 1 2
143 -141 -142 -349.784 224 13 2 192 46 3 1
144 145 146 0 -427 331 2 424 231 2 1
145 -143 -144 245.041 437 84 1 441 -339 2 1
146 147 149 0 343 -70 2 272 248 0 2
147 -145 148 0 -337 2 3 188 -141 3 2
148 -146 -147 -297.04 -350 24 2 31 211 0 1
149 150 151 0 212 168 2 465 139 2 1
150 -148 -149 952.858 305 -152 1 263 235 0 1
151 152 153 0 256 200 1 0 289 1 1
152 -150 -151 281.263 186 222 2 -320 -150 1 1
153 -152 154 0 359 284 2 259 -285 1 1
154 -153 155 0 -389 316 3 -255 248 0 2
155 156 157 0 -413 -27 1 256 275 1 2
156 -154 -155 1903.28 -122 106 1 272 26 2 2
157 158 159 0 409 -158 2 252 -286 0 2
158 -156 -157 -3043.77 -96 269 2 178 7 0 2
159 160 161 0 351 207 2 -468 -226 2 1
160 -158 -159 -29.4897 -108 332 1 23 67 2 1
161 -160 162 0 261 398 1 257 253 1 2
162 -161 163 0 43 314 3 300 -259 1 1
163 164 165 0 -133 178 2 357 -228 0 1
164 -162 -163 -2113.42 -369 -140 2 363 -73 0 2
165 -164 166 0 -318 -273 2 151 -330 2 2
166 167 169 0 -86 -372 2 -116 283 2 2
167 -165 168 288.507 238 126 1 -178 -103 1 1
168 -166 -167 -1545.07 361 -146 0 -61 239 2 2
169 -168 170 0 -414 -40 1 -409 -328 3 1
170 171 172 0 -391 194 1 282 -257 2 2
171 -169 -170 0 0 -363 1 290 76 2 2
172 -171 173 0 -181 75 0 -484 -166 3 2
173 -172 174 0 -213 39 2 264 -277 2 2
174 175 182 0 -396 147 1 218 -288 1 1
175 -173 176 -445.864 -73 -74 2 61 52 2 1
176 -174 177 -258.054 55 351 0 -166 83 2 1
177 -175 178 -2459.58 317 181 0 -104 59 3 2
178 -176 179 -512.98 -356 -90 2 183 -271 2 1
179 -177 180 721.327 12 71 1 -159 359 3 2
180 181 -180 371.282 19 61 1 191 387 2 1
181 -178 -179 0 126 310 3 -178 39 0 1
182 -181 183 0 328 17 1 -192 267 1 2
183 184 185 0 -416 10 1 468 -165 2 2
184 -182 -183 3383.96 387 -40 0 -211 -337 1 2
185 -184 186 0 -496 -144 0 -482 -208 1 2
186 -185 187 0 -71 276 3 -489 -194 3 1
187 -186 188 0 386 -231 2 -206 256 2 2
188 189 191 0 384 -77 2 237 -279 1 1
189 190 -189 363.427 249 -217 0 -217 128 2 1
190 -187 -188 -33.1153 -227 -9 1 91 11 2 1
191 192 193 0 249 306 0 -412 -305 1 1
192 -190 -191 4070.15 -299 -180 3 463 30 1 2
193 -192 194 0 -55 -324 2 457 226 2 1
194 -193 195 0 359 263 1 -467 -220 2 1
195 196 197 0 375 284 2 -463 -226 0 2
196 -194 -195 -248.558 -159 -235 0 -368 -172 2 1
197 -196 198 0 351 -270 0 411 233 2 2
198 199 200 0 388 -221 1 -170 275 2 2
199 -197 -198 -459.843 -228 238 2 224 217 2 2
200 -199 201 0 74 -186 3 203 -310 1 1
201 -200 202 0 234 58 1 -461 -224 0 2
202 -201 203 0 -458 15 1 -412 -276 1 2
203 204 205 0 -232 -313 3 -169 268 1 1
204 -202 -203 417.225 217 40 1 22 -187 2 1
205 -204 206 0 459 -169 0 243 -255 3 2
206 207 208 0 2 235 0 452 221 1 2
207 -205 -206 -2123.35 -101 -75 0 285 184 1 2
208 209 210 0 259 -244 1 -490 -169 0 1
209 -207 -208 -2217.68 -152 208 1 -28 -90 0 2
210 211 212 0 328 -282 3 242 263 2 1
211 -209 -210 127.095 186 254 3 361 359 1 1
212 -211 213 0 470 -107 2 321 248 2 1
213 214 215 0 -495 57 2 485 -144 2 1
214 -212 -213 2834.67 400 -153 1 -51 303 3 2
215 -214 216 0 397 194 3 177 274 1 2
216 -215 217 0 301 -102 3 215 -300 2 1
217 -216 218 0 285 -341 0 71 270 3 2
218 -217 219 0 -269 357 1 402 236 1 2
219 -218 220 0 -463 54 1 -82 268 1 2
220 -219 221 0 -426 -355 0 154 -352 1 2
221 222 223 0 264 5 1 421 -204 1 1
222 -220 -221 -3238.11 -299 179 2 343 122 1 2
223 -222 224 -4079.37 413 -32 2 217 118 2 2
224 225 226 0 375 325 2 -468 228 2 2
225 -223 -224 -442.234 95 -137 2 -476 -39 3 2
226 -225 227 0 -485 -318 2 -209 247 1 1
227 -226 228 0 -450 65 1 453 219 3 1
228 229 230 0 287 305 1 19 263 2 1
229 -227 -228 0 -323 77 2 226 162 1 2
230 231 1022 763.088 309 220 2 156 93 2 1
231 -229 232 0 -260 -266 2 -369 -348 3 1
232 -230 233 0 -316 -262 1 305 -241 1 2
233 -231 234 0 355 -363 3 -449 232 0 1
234 235 238 0 302 -142 2 -494 -55 2 2
235 236 237 -474.951 5 200 1 -27 124 0 1
236 -232 -233 -1092.75 36 -56 2 -467 144 1 2
237 -234 -235 1987.34 -58 -43 3 -319 -275 2 2
238 239 240 0 303 310 3 133 -361 1 1
239 -236 -237 2254.95 -163 -240 2 -494 357 2 2
240 241 243 0 -433 -76 2 -451 -184 0 1
241 242 -240 -574.54 -156 1 2 27 -155 1 2
242 -238 -239 -1654.66 -119 -241 2 -98 -31 3 2
243 -241 244 0 185 -228 2 484 -128 2 1
244 -242 245 0 -13 247 2 -76 257 2 1
245 246 247 0 -11 -180 2 473 172 0 2
246 -243 -244 1191.94 240 -48 1 318 -146 3 2
247 -245 248 0 490 223 3 291 -233 1 1
248 249 250 0 -408 225 3 -471 222 2 2
249 -246 -247 618.469 -482 -23 2 223 -263 3 2
250 251 259 0 198 303 0 432 198 3 2
251 252 253 0 421 -350 2 52 226 2 2
252 -248 -249 -1237.81 -436 -329 3 438 219 1 2
253 254 257 749.644 458 32 2 227 268 1 1
254 255 -253 908.79 56 -108 3 -474 302 2 1
255 256 -252 76.857 127 -131 2 276 -1 3 1
256 -250 -251 -3609.92 418 276 2 27 -108 3 2
257 258 -256 -201.847 238 137 3 80 10 1 1
258 -254 -255 -3314.5 339 256 3 -14 -91 0 2
259 260 263 0 -111 245 2 413 214 3 2
260 261 -260 604.931 13 208 3 53 303 2 1
261 262 -259 -2025.65 157 121 1 284 -91 2 2
262 -257 -258 -673.102 -258 -323 2 -80 -54 2 1
263 -261 264 0 -463 -97 2 -488 213 2 1
264 265 268 0 -69 289 2 -227 -357 2 1
265 266 267 -542.516 -241 -185 1 91 -320 1 1
266 -262 -263 668.328 -226 -109 1 80 26 2 1
267 -264 -265 -536.45 160 -48 3 -162 -45 2 1
268 269 270 0 402 28 2 447 -35 3 1
269 -266 -267 0 496 -187 0 275 -184 2 1
270 271 273 0 295 308 2 224 -263 2 1
271 272 -270 0 186 291 1 209 -271 1 2
272 -268 -269 1516.89 148 -80 3 110 -12 2 2
273 274 275 0 483 311 1 468 -69 2 2
274 -271 -272 -570.434 -480 296 0 32 -92 2 1
275 276 277 0 295 249 3 450 191 1 2
276 -273 -274 0 0 -276 0 457 123 2 1
277 -275 278 0 291 -300 2 419 -213 1 1
278 -276 279 0 258 -278 0 -489 203 2 2
279 280 282 0 -352 85 1 447 58 3 1
280 -277 281 660.436 178 62 0 330 -159 2 2
281 -278 -279 -1722.41 -350 6 1 450 -7 2 2
282 -280 283 0 260 371 0 -295 240 1 1
283 284 299 0 152 -234 2 65 -339 1 1
284 285 286 0 -192 49 0 147 -51 3 1
285 -281 -282 551.627 64 -74 1 -207 27 2 1
286 -283 287 0 -300 336 2 -389 -140 2 1
287 288 298 630.362 33 -6 2 274 -340 3 1
288 289 -294 -404.912 306 -61 2 -167 -173 2 2
289 290 -293 3417.37 56 -223 3 -279 1 2 2
290 -284 291 -947.708 227 -301 1 -323 19 1 2
291 -285 292 137.595 -106 -203 1 325 -110 0 1
292 -286 293 -3649.06 -367 378 3 -150 9 2 2
293 -287 294 0 214 -303 3 -371 11 1 1
294 295 -292 2722.22 52 -110 3 -111 38 1 2
295 -288 296 -622.207 -225 -186 2 -358 -308 1 2
296 297 -291 -1730.04 286 241 2 -5 -332 2 2
297 -289 -290 -829.651 -275 388 3 -82 3 2 1
298 -295 -296 30.4837 -178 -173 2 -287 -29 2 2
299 300 1020 3904.94 -57 -143 1 118 -104 3 2
300 -297 301 0 -131 390 1 67 -348 3 2
301 -298 302 0 160 -265 2 156 -340 1 2
302 303 305 0 -200 241 0 432 -165 2 2
303 -299 304 0 -403 -234 1 410 186 1 1
304 -300 -301 -2709.93 28 135 2 333 -200 0 2
305 -302 306 0 418 175 1 443 108 1 1
306 -303 307 0 -88 239 3 344 -230 1 1
307 308 309 0 97 -105 1 -488 183 2 2
308 -304 -305 -165.646 -20 -311 3 -159 -89 1 1
309 -306 310 0 -489 -248 0 414 -214 1 2
310 311 313 0 409 202 3 -84 -350 0 2
311 -307 312 0 103 79 3 53 -328 1 1
312 -308 -309 -1204.64 -191 176 1 -134 -163 1 2
313 314 315 0 38 304 3 343 244 2 2
314 -310 -311 -3519.9 383 -239 2 90 -41 3 2
315 316 317 0 252 281 1 363 240 0 2
316 -312 -313 -868.049 -208 -190 2 -5 -49 1 1
317 318 319 0 -487 5 2 -489 71 1 2
318 -314 -315 502.107 -103 117 1 131 -35 2 2
319 320 321 0 50 172 3 -480 204 3 1
320 -316 -317 -1574.5 197 -295 2 -179 207 0 2
321 -318 322 0 146 -266 2 199 -302 3 1
322 -319 323 0 -208 144 3 418 -206 1 2
323 324 325 0 -30 -307 1 441 166 1 2
324 -320 -321 0 18 281 2 377 -148 3 2
325 326 328 0 -425 -231 0 -458 -212 2 1
326 327 -324 -683.883 -282 332 2 -214 -182 2 2
327 -322 -323 203.468 -322 -177 1 413 -175 1 1
328 329 331 0 -479 -7 3 -438 -217 3 1
329 330 -327 0 256 -144 2 -141 -233 1 2
330 -325 -326 -111.116 152 184 0 -132 -157 2 1
331 332 334 0 31 -259 0 374 228 2 1
332 -328 333 602.322 192 14 1 448 -140 2 1
333 -329 -330 -276.495 -246 284 1 -112 -11 1 1
334 335 336 0 53 -327 2 437 -19 0 2
335 -331 -332 -1707.35 101 -78 3 4 -3 3 2
336 -333 337 -240.346 -230 244 2 422 -124 1 2
337 -334 338 0 -180 -295 0 -408 -274 1 1
338 -335 339 0 -345 299 0 203 -285 1 1
339 -336 340 0 -292 -17 3 396 -217 2 1
340 341 345 0 -369 -39 2 -462 -146 1 2
341 342 344 2634.17 -140 -70 2 -471 -140 2 2
342 343 -339 558.878 -448 -175 0 -33 -197 1 1
343 -337 -338 0 455 -285 3 -199 -151 2 1
344 -340 -341 271.28 -478 85 0 18 -280 0 2
345 346 347 0 235 -73 1 394 163 1 1
346 -342 -343 -454.179 -300 294 3 298 -78 1 1
347 348 349 0 462 -56 1 396 218 2 2
348 -344 -345 -943.789 -209 -276 1 166 -103 3 1
349 350 356 0 312 -62 3 395 17 3 2
350 -346 351 -810.004 433 -207 3 225 -123 2 1
351 -347 352 -63.4352 88 -258 3 -91 189 0 1
352 -348 353 -2383.93 -323 -270 1 -29 -89 1 2
353 354 -352 386.947 400 176 1 70 -200 2 1
354 355 -351 0 95 -291 1 384 -151 1 2
355 -349 -350 -3470.02 -416 70 2 211 -64 1 2
356 357 358 0 -414 -203 2 -460 -200 0 2
357 -353 -354 246.972 -376 -140 1 -492 115 2 1
358 359 360 0 272 -26 0 238 254 0 2
359 -355 -356 1787.55 -30 -83 2 167 -288 1 2
360 -357 361 0 -452 -196 1 -466 -196 2 1
361 -358 362 0 -440 65 2 211 -276 3 1
362 -359 363 0 -293 221 0 252 252 2 2
363 -360 364 0 116 -307 1 99 -335 1 1
364 -361 365 0 298 257 0 -397 -329 2 1
365 -362 366 0 -198 125 2 302 234 0 1
366 367 371 0 436 313 2 -485 4 2 2
367 368 -367 -366.644 81 -36 1 -152 151 2 1
368 369 -366 1120.74 -240 53 0 373 331 2 2
369 370 -365 -600.317 61 147 2 -346 6 2 1
370 -363 -364 1956.08 -148 -47 1 -264 72 2 2
371 -368 372 0 -441 27 0 410 211 0 2
372 373 375 0 -413 333 0 220 -260 2 2
373 374 -371 3761.81 128 3 1 -276 202 1 2
374 -369 -370 -246.69 -176 -50 1 135 -216 2 1
375 -372 376 0 24 -303 2 -171 257 0 2
376 377 378 0 300 44 1 -454 226 0 1
377 -373 -374 -463.225 437 -230 1 -4 139 1 1
378 -375 379 0 -359 111 1 418 183 2 1
379 -376 380 0 -446 295 1 409 206 3 1
380 381 394 0 352 358 3 -420 -201 1 2
381 382 -390 1659.87 -422 88 1 416 164 0 2
382 383 -389 3195.87 -50 -191 1 -459 -222 2 2
383 384 -388 3069.72 -164 -114 1 -10 29 2 2
384 385 386 0 392 265 0 72 -224 1 1
385 -377 -378 861.092 -300 103 1 -299 62 1 2
386 -379 387 203.845 -245 -26 2 -157 -305 3 2
387 -380 388 1596.9 -300 -85 1 179 147 2 2
388 -381 389 -917.298 -154 -188 2 -218 -51 0 2
389 390 -387 541.985 -353 -211 0 354 84 0 1
390 -382 391 -1928.51 -455 -117 3 -233 -2 1 2
391 -383 392 505.648 -182 -114 3 -310 -222 3 2
392 393 -386 2338.65 0 -112 1 -48 67 3 2
393 -384 -385 257.218 -194 51 3 469 117 3 1
394 395 400 0 -335 -169 3 -457 201 1 1
395 396 -396 -998.483 447 -132 3 -109 -23 0 2
396 -391 397 -458.188 261 -57 0 -473 212 3 2
397 398 -395 1019.27 -371 -66 2 -465 185 3 2
398 399 -394 -15.9413 283 -53 2 -423 -119 2 1
399 -392 -393 1733.09 -156 128 1 478 -92 3 2
400 401 403 0 371 322 2 -425 220 1 1
401 402 -399 229.332 -67 173 1 468 -230 3 1
402 -397 -398 229.841 -295 59 2 41 -92 1 1
403 -400 404 0 168 -281 2 324 -230 3 2
404 405 406 0 481 -55 3 -409 -293 2 2
405 -401 -402 0 -67 -231 3 29 -296 2 2
406 407 408 0 -405 200 1 410 -203 1 1
407 -403 -404 -3257.87 -185 -216 2 408 -25 3 2
408 -405 409 0 -408 145 2 392 205 1 1
409 -406 410 0 386 364 0 267 -233 3 1
410 -407 411 0 -326 -333 3 296 -231 1 1
411 412 415 0 -161 221 3 214 -251 1 1
412 413 -411 0.34608 229 107 3 -62 346 1 1
413 414 -410 117.536 55 32 0 168 300 0 2
414 -408 -409 0 291 327 2 223 -213 1 2
415 416 419 0 336 -321 2 -470 -149 2 2
416 -412 417 0 -109 193 0 -299 -190 1 1
417 418 -415 585.331 -255 88 2 -134 -232 2 1
418 -413 -414 -628 45 -193 2 -404 73 2 1
419 420 421 0 116 -319 2 -476 -44 1 2
420 -416 -417 -752.564 56 38 3 -136 -39 2 1
421 422 424 0 84 53 0 -460 -182 1 2
422 -418 423 -387.66 446 95 2 -143 -113 2 1
423 -419 -420 243.609 -220 141 1 -370 228 3 1
424 -421 425 0 416 -4 0 419 -157 1 1
425 -422 426 0 -402 -8 1 -462 177 3 1
426 -423 427 0 402 -24 3 -400 -319 1 2
427 -424 428 0 -188 297 1 -419 -213 0 2
428 -425 429 0 427 -12 0 224 254 1 2
429 -426 430 0 -327 -303 1 139 -331 3 1
430 431 433 0 266 -232 0 -400 -292 3 2
431 432 -429 -2763.17 158 -368 1 87 64 1 2
432 -427 -428 0 240 -82 2 -307 -304 1 1
433 -430 434 0 141 214 1 159 -334 3 1
434 435 436 0 294 283 3 -470 -124 2 2
435 -431 -432 2279.62 -305 100 1 271 231 3 2
436 437 440 0 435 141 1 409 -173 3 2
437 438 -436 536.175 36 130 1 262 -319 1 1
438 -433 439 -3499.42 12 204 0 386 -93 1 2
439 -434 -435 0 178 232 0 236 184 0 2
440 441 442 0 422 208 1 385 -223 3 2
441 -437 -438 273.584 69 83 2 -213 115 3 1
442 -439 443 0 474 151 0 374 218 2 2
443 -440 444 0 -482 137 3 -438 199 3 1
444 445 446 0 -93 342 1 250 240 1 1
445 -441 -442 -1340.07 335 239 3 264 -94 0 2
446 -443 447 0 -161 -311 3 161 -325 1 1
447 448 449 0 -380 60 0 124 252 0 1
448 -444 -445 0 382 -166 3 -187 79 3 1
449 -446 450 0 -425 -8 2 -457 167 1 1
450 -447 451 0 -249 -248 1 377 -192 3 2
451 -448 452 0 153 287 2 -457 -182 2 2
452 -449 453 0 5 268 1 419 10 2 1
453 454 455 0 -74 -309 1 393 -176 2 1
454 -450 -451 63.6202 332 -156 0 227 -174 2 2
455 456 457 0 477 186 0 -432 200 1 1
456 -452 -453 0 373 183 2 -151 -121 2 1
457 -454 458 0 250 117 3 416 142 1 1
458 459 460 0 374 -129 3 -403 -241 1 2
459 -455 -456 -4019.99 137 195 1 -355 -125 2 2
460 461 462 0 -362 -209 2 -209 242 2 1
461 -457 -458 0 167 -276 2 -228 -110 2 2
462 -459 463 0 304 -246 1 359 -194 3 2
463 -460 464 0 304 -84 1 388 90 3 1
464 -461 465 0 350 254 0 -417 -209 2 2
465 466 468 0 -161 178 2 370 -168 3 2
466 -462 467 186.27 202 63 2 -273 -90 2 2
467 -463 -464 -506.37 146 -141 3 45 -21 1 1
468 -465 469 0 287 48 1 394 181 3 2
469 470 479 0 423 -284 1 347 -193 0 2
470 -466 471 -3748.81 374 277 2 116 -64 1 2
471 472 -475 3644.61 184 -120 1 438 337 2 2
472 -467 473 -810.254 286 152 0 303 -15 1 1
473 474 475 -3412.48 392 252 0 -99 -152 2 2
474 -468 -469 -951.805 173 161 2 -83 -94 0 1
475 476 -474 2190.2 95 -102 2 -110 63 2 2
476 477 -473 4009.69 54 -78 1 132 197 2 2
477 -470 478 -3215.65 250 63 3 176 -67 2 2
478 -471 -472 -858.234 231 -317 1 -71 -101 1 1
479 480 481 0 280 -127 2 403 26 2 1
480 -476 -477 16.887 -61 -148 0 -378 97 1 2
481 482 483 0 187 320 1 236 -238 0 2
482 -478 -479 -344.112 -394 -359 1 -104 -245 0 2
483 484 485 0 193 -100 1 365 39 0 2
484 -480 -481 2543.56 -77 76 2 -233 109 2 2
485 -482 486 0 405 -140 3 209 -267 1 2
486 487 488 0 298 -85 1 -457 -171 3 1
487 -483 -484 -1604.54 -365 -188 0 -263 68 3 2
488 489 497 0 -460 49 3 -433 -141 2 2
489 490 495 3237.83 31 46 1 385 263 3 2
490 491 494 2799.59 -400 -91 2 -255 -156 3 2
491 -485 492 -2543.24 37 223 3 -106 95 3 2
492 493 -488 0 188 -329 1 -39 -192 2 2
493 -486 -487 -266.237 82 -157 1 -408 -168 2 1
494 -489 -490 -109.223 237 -86 2 -451 167 1 1
495 -491 496 1255.97 -200 128 1 327 78 1 2
496 -492 -493 784.187 6 -77 0 -287 -60 3 2
497 -494 498 0 409 265 2 -404 -234 2 1
498 -495 499 0 460 -176 0 -468 -69 2 2
499 500 501 0 465 124 2 -398 225 0 2
500 -496 -497 -470.448 -348 -111 3 -82 -29 2 2
501 -498 502 0 246 -132 1 262 234 1 1
502 503 505 0 -298 -119 1 225 244 2 1
503 504 -501 11.6039 -167 243 3 2 -295 0 2
504 -499 -500 -813.618 159 -203 3 243 3 2 2
505 -502 506 0 -483 -175 2 177 249 1 2
506 -503 507 0 -168 -267 1 376 201 2 2
507 508 509 0 311 317 2 -406 -211 1 2
508 -504 -505 403.866 -232 27 1 -468 -100 2 1
509 -506 510 0 113 201 2 -450 -155 1 1
510 511 515 0 -97 -240 1 346 216 0 2
511 512 514 -2214.02 465 215 0 -21 -14 0 2
512 -507 513 -2483.27 21 210 3 99 -49 1 2
513 -508 -509 -3351.9 -401 64 2 328 -16 1 2
514 -510 -511 -1711.27 51 276 1 -137 -12 2 2
515 516 -1017 3564.57 -212 -261 2 77 -17 1 2
516 517 518 0 -423 237 1 -447 72 2 2
517 -512 -513 -113.241 312 216 3 -269 133 1 1
518 519 521 0 353 260 2 -432 17 2 1
519 520 -516 -275.363 -470 -201 2 -301 -80 0 1
520 -514 -515 17.0955 62 -5 2 76 87 1 1
521 -517 522 0 8 256 1 81 246 3 2
522 523 524 0 327 19 2 374 64 2 2
523 -518 -519 1393.21 391 30 2 20 192 1 2
524 -520 525 0 -314 320 1 380 131 3 2
525 -521 526 0 -379 -31 2 351 -12 2 2
526 -522 527 0 114 279 3 322 -196 3 2
527 528 538 0 -51 148 1 -372 198 2 2
528 529 531 0 -463 103 1 -411 44 2 1
529 530 -525 500.073 -317 60 2 11 173 3 1
530 -523 -524 1020.73 -419 188 1 441 91 1 2
531 -526 532 480.223 41 -84 1 1 164 1 2
532 -527 533 2048.8 74 -39 2 -475 119 2 2
533 534 -533 -551.456 -494 335 2 -228 -81 2 2
534 -528 535 130.057 -20 148 2 -331 247 2 1
535 536 537 -27.5802 -303 -62 1 -284 2 3 1
536 -529 -530 -2053.54 325 -158 0 -387 84 3 2
537 -531 -532 588.435 -331 231 2 -493 22 1 2
538 539 540 0 160 -32 2 -418 -195 1 2
539 -534 -535 3655.58 -201 -57 3 490 189 1 2
540 541 544 0 160 275 2 281 -229 2 2
541 542 543 0 -407 -66 2 298 92 1 2
542 -536 -537 269.405 -191 -57 1 58 -231 1 2
543 -538 -539 219.554 -72 -195 2 -376 -279 0 1
544 -540 545 0 181 205 2 -409 -199 1 1
545 546 562 0 278 345 2 286 218 1 2
546 -541 547 -588.104 -72 212 0 113 62 1 1
547 548 -557 -816.6 366 -282 0 -58 -19 1 2
548 549 -556 3397.84 311 -17 1 238 -228 1 2
549 550 -555 431.436 -138 50 0 -80 -287 2 1
550 551 561 -600.474 -20 -309 1 118 -22 1 2
551 552 -552 2745.54 -183 -118 2 -113 212 2 2
552 553 -551 350.019 115 104 2 190 177 3 1
553 -542 554 -835.24 -46 -166 3 221 90 3 1
554 -543 555 784.268 176 -4 3 -265 166 1 1
555 -544 556 -1936.24 -59 206 2 159 52 1 2
556 -545 557 -724.671 197 153 1 -141 -82 2 1
557 -546 558 0 305 288 2 336 -58 1 2
558 -547 559 171.348 -141 172 3 -389 -360 1 1
559 560 -550 625.493 -180 84 2 488 317 2 1
560 -548 -549 -848.16 274 -306 2 195 -81 2 1
561 -553 -554 -388.852 340 -325 1 29 145 3 1
562 563 568 0 490 -37 0 -415 -156 1 1
563 -558 564 0 -276 -310 2 -215 185 1 2
564 -559 565 -646.151 -95 119 0 -306 14 0 1
565 -560 566 -2690.38 -433 -243 1 -268 37 0 2
566 567 -563 -91.4103 -420 166 3 -328 -150 3 1
567 -561 -562 -219.536 106 -262 2 -127 -49 0 1
568 569 574 0 472 -305 1 -418 -18 1 1
569 -564 570 0 383 -39 3 -179 211 1 1
570 571 -569 -496.27 447 -49 2 62 147 2 2
571 572 573 -733.599 -354 307 0 -154 -82 1 2
572 -565 -566 -1175.11 330 -281 1 -2 184 1 2
573 -567 -568 1925.97 -172 50 3 241 176 2 2
574 575 576 0 395 -36 2 345 178 1 2
575 -570 -571 0 -348 -158 0 59 -182 3 2
576 -572 577 0 466 134 3 349 6 1 1
577 578 579 -2959.39 -307 178 3 -234 -337 2 2
578 -573 -574 1040.46 -360 -195 0 305 -286 3 2
579 580 583 0 -290 308 2 340 -184 2 2
580 -575 581 2185.1 202 -68 1 440 -92 2 2
581 -576 582 531.794 153 -162 2 -6 237 2 1
582 -577 -578 206.999 191 97 1 298 -155 0 2
583 -579 584 0 -54 -173 2 -42 -343 3 1
584 585 588 0 -457 -189 1 323 -180 0 2
585 586 -583 2217.49 167 -160 2 148 262 2 2
586 587 -582 -474.852 -269 178 2 270 -47 3 1
587 -580 -581 -65.0514 -383 242 1 -162 -95 3 1
588 -584 589 0 -191 -327 3 318 -218 1 2
589 590 593 0 229 -338 0 -331 -340 1 1
590 591 -588 170.293 -133 -200 1 -31 -316 2 1
591 592 -587 -955.286 352 -275 1 -146 -39 0 2
592 -585 -586 1967.48 24 -241 1 -19 296 1 2
593 -589 594 0 132 -185 1 193 -321 1 1
594 595 596 0 -209 -293 3 291 -219 2 1
595 -590 -591 -32.9122 -173 290 1 298 6 2 1
596 -592 597 0 -334 -328 3 227 -247 3 2
597 -593 598 0 -233 -162 0 210 -252 1 1
598 599 600 0 27 186 1 -378 210 1 1
599 -594 -595 -357.551 464 240 3 -401 -55 2 2
600 -596 601 0 107 -1 1 -51 215 0 1
601 602 603 0 127 262 0 334 -151 3 2
602 -597 -598 233.082 327 205 2 -412 -119 2 1
603 -599 604 0 -304 99 0 196 242 2 1
604 605 607 0 351 -156 0 318 215 2 2
605 606 -602 302.414 100 3 0 276 45 2 1
606 -600 -601 251.864 6 103 3 477 -28 0 2
607 608 610 0 -41 321 2 314 -205 1 1
608 -603 609 670.921 234 -189 0 386 -100 0 1
609 -604 -605 1113.85 182 46 0 484 -213 1 2
610 611 619 0 -370 77 1 335 148 1 1
611 612 618 504.794 79 60 1 114 -159 2 1
612 -606 613 932.853 157 153 3 328 -227 3 2
613 614 -612 568.876 -110 159 3 -441 -264 2 1
614 -607 615 765.288 -147 108 3 -173 24 2 2
615 616 -611 -923.912 27 266 2 -33 -102 2 2
616 617 -610 1929.51 137 85 3 -458 -130 2 2
617 -608 -609 553.703 32 188 2 -208 332 0 1
618 -613 -614 904.38 116 -14 2 41 -180 1 1
619 620 627 -759.642 -318 -258 1 -253 172 3 1
620 621 -622 790.656 -130 46 1 -332 -194 1 1
621 -615 622 0 -390 161 1 -309 -176 1 1
622 -616 623 -2940.42 437 -374 2 -205 18 0 2
623 -617 624 -3833.33 -331 -22 1 -236 -81 3 2
624 625 -621 2193.92 -228 181 2 -455 69 0 2
625 626 -620 346.27 77 129 3 398 -83 2 1
626 -618 -619 1065.95 107 10 1 -413 -50 1 2
627 628 635 0 186 -24 0 324 -126 2 2
628 629 630 -889.935 -479 151 1 -78 4 2 1
629 -623 -624 -1950.95 -124 -160 2 297 -136 2 2
630 631 -630 741.89 -129 0 1 -22 284 1 1
631 632 -629 3204.94 -10 5 2 388 4 1 2
632 633 -628 -1654.33 -42 -247 1 159 -86 2 2
633 634 -627 2253.79 -130 60 1 -231 206 2 2
634 -625 -626 489.225 92 -42 1 -266 -309 1 1
635 -631 636 0 215 215 2 -398 -300 0 1
636 637 641 0 -473 -228 2 237 -225 2 1
637 638 -636 0 -372 -275 2 -166 55 1 2
638 -632 639 0 -153 109 3 271 86 1 1
639 640 -635 0 -320 -129 1 245 37 1 2
640 -633 -634 -2279.29 131 50 2 -46 -114 1 2
641 642 1019 4077 171 53 2 358 -110 1 2
642 643 644 0 -402 -146 0 250 -218 1 1
643 -637 -638 0 -427 103 3 -219 0 3 2
644 -639 645 0 -72 -284 1 92 -327 1 1
645 646 647 0 -358 -97 0 -335 236 2 2
646 -640 -641 976.597 153 -38 2 -139 310 3 2
647 -642 648 0 320 70 2 330 168 2 1
648 649 653 0 385 90 2 -411 -146 1 1
649 650 -647 2703.75 -51 -7 1 -399 52 1 2
650 -643 651 79.101 -236 69 2 -291 -248 0 1
651 -644 652 1657.09 -75 -145 2 430 116 1 2
652 -645 -646 106.356 -392 0 3 -385 206 2 1
653 -648 654 0 -252 262 3 -415 182 2 1
654 -649 655 0 -57 261 1 228 -240 1 2
655 656 665 0 -383 -140 0 288 193 2 1
656 657 664 3618.01 269 -111 1 418 66 1 2
657 658 659 164.315 66 -99 3 -103 -334 1 1
658 -650 -651 90.9983 6 -2 1 270 -99 2 1
659 -652 660 -868.258 -307 306 1 -159 -163 3 1
660 661 662 -240.24 299 258 1 -101 -23 3 1
661 -653 -654 -193.275 -375 106 1 47 142 1 2
662 -655 663 -200.254 -120 -185 2 -49 -66 3 1
663 -656 -657 -9.28007 -458 -33 1 -204 88 1 1
664 -658 -659 1154.54 -130 50 2 -444 -218 2 2
665 666 667 0 -209 209 2 -412 171 1 2
666 -660 -661 -165.762 80 220 2 -224 130 1 1
667 668 673 0 387 271 1 313 -193 0 1
668 -662 669 -267.389 -363 135 1 149 167 2 1
669 670 -667 -1857.93 -404 -132 2 -162 -77 2 2
670 671 -666 -472.593 423 264 2 280 -185 1 1
671 -663 672 -1962.12 -401 21 0 6 121 3 2
672 -664 -665 -2832.03 356 -122 2 -17 -160 0 2
673 674 677 0 426 114 2 279 -191 1 2
674 675 676 -3497.27 488 -184 1 -103 -122 3 2
675 -668 -669 183.033 -211 38 1 -368 354 2 1
676 -670 -671 3385.43 -167 -119 3 -404 237 2 2
677 -672 678 0 284 -176 2 -382 222 1 1
678 679 696 0 -398 -238 2 316 -158 3 1
679 680 695 875.88 168 -129 2 -386 -57 0 1
680 681 682 632.512 293 70 1 -363 145 1 2
681 -673 -674 1999.55 320 160 1 263 240 0 2
682 683 -688 -1223.24 -323 -114 2 101 -131 2 2
683 684 685 -783.737 -299 -50 2 -28 -113 2 1
684 -675 -676 0 -406 220 3 325 6 3 1
685 -677 686 -3030.99 221 -283 1 27 -49 3 2
686 687 -687 583.717 86 -62 2 291 -65 2 1
687 688 694 749.297 234 -61 3 449 89 1 1
688 689 691 1712.33 -117 -25 2 429 147 2 2
689 -678 690 0 491 -59 3 96 -182 2 2
690 -679 -680 734.695 -164 174 1 -106 227 2 2
691 692 -684 -1492.5 388 82 2 -60 -105 3 2
692 -681 693 -646.559 452 -248 1 227 -119 1 1
693 -682 -683 -550.034 -311 -339 1 306 -67 2 1
694 -685 -686 1770.71 323 -165 3 -174 -312 3 2
695 -689 -690 3728.74 150 -116 3 376 7 0 2
696 697 701 0 311 -74 1 243 -209 1 2
697 698 699 0 -221 -294 1 43 177 1 1
698 -691 -692 496.827 224 135 1 38 324 2 2
699 700 -695 489.835 -65 91 1 -379 135 2 1
700 -693 -694 -269.935 -129 -332 0 -252 138 2 2
701 -696 702 0 163 329 3 -384 208 0 1
702 703 705 0 11 199 1 301 -187 3 1
703 704 -699 842.329 -189 -49 1 25 256 1 1
704 -697 -698 661.809 186 -68 3 432 337 2 1
705 706 712 0 -4 383 0 318 -90 2 1
706 707 -706 324.115 -77 130 0 300 -300 3 1
707 708 -705 449.303 300 14 1 -34 -40 2 1
708 -700 709 826.043 170 -53 0 -494 -179 2 2
709 -701 710 1764.15 -100 -80 1 -305 29 1 2
710 -702 711 -682.105 -263 -57 0 235 -139 3 1
711 -703 -704 602.663 156 -110 0 -383 113 0 1
712 713 731 0 -162 173 2 -403 -139 1 2
713 714 715 -862.922 -452 3 2 18 -6 1 1
714 -707 -708 340.131 -268 -147 0 323 223 1 2
715 -709 716 0 -28 278 1 -199 -219 3 2
716 -710 717 0 -323 -229 3 -205 -206 1 1
717 -711 718 0 -82 227 0 -139 -200 1 1
718 -712 719 -275.065 -353 68 1 -323 104 2 2
719 720 -725 874.319 60 -95 0 301 -161 1 1
720 721 -724 3585.27 -70 -66 1 185 -292 2 2
721 -713 722 -1012.57 449 136 1 -56 -54 1 1
722 723 -723 -909.032 85 -194 1 -168 116 3 2
723 -714 724 0 -487 78 1 -292 190 2 1
724 -715 725 0 356 4 1 -264 185 1 1
725 726 -722 2941.05 -263 35 1 -180 229 3 2
726 -716 727 422.512 65 95 0 8 -321 2 2
727 -717 728 -2492.45 193 -242 2 -235 76 3 2
728 729 -721 -1484.27 365 -164 1 -137 -83 0 2
729 730 -720 -1626.41 189 -296 3 -170 -145 1 2
730 -718 -719 1809.28 -385 -15 3 -277 261 2 2
731 732 733 0 273 97 1 292 83 1 1
732 -726 -727 0 419 -127 2 117 191 2 1
733 -728 734 0 12 -252 1 192 -285 1 2
734 735 737 0 46 -333 1 -409 78 2 2
735 736 -731 614.449 -376 -26 1 343 31 0 1
736 -729 -730 -2130.63 137 170 1 16 -108 3 2
737 738 742 0 228 306 3 311 87 3 2
738 739 740 884.66 116 75 2 160 225 1 2
739 -732 -733 2487.42 -123 -37 2 -420 -1 0 2
740 741 -736 3612.94 9 21 1 410 106 0 2
741 -734 -735 1048.26 -92 -124 2 429 256 1 2
742 743 749 0 -176 274 1 303 107 1 1
743 744 748 2188.8 -100 93 1 16 228 0 2
744 -737 745 -2859.74 -330 -285 2 -139 -178 2 2
745 746 -741 -866.599 282 321 2 -51 -119 1 2
746 -738 747 -946.999 255 302 1 164 -23 1 1
747 -739 -740 -2801.85 454 237 1 255 -37 2 2
748 -742 -743 385.849 32 164 1 -320 246 3 1
749 750 755 -3721.82 184 -213 1 218 -26 1 2
750 -744 751 0 -487 -30 1 295 -69 3 2
751 752 -749 0 181 -320 1 -214 22 0 1
752 -745 753 1253.48 -223 -36 2 -290 -219 1 2
753 -746 754 0 -451 226 1 272 34 1 2
754 -747 -748 731.273 260 36 2 -417 -304 1 2
755 756 1000 -37.7717 348 27 2 -31 -92 1 1
756 757 758 0 -203 -317 1 -407 69 2 2
757 -750 -751 -1928.57 -44 -203 2 -103 46 3 2
758 759 761 0 389 -197 1 250 -195 0 1
759 760 -754 237.846 -228 84 3 167 -110 0 2
760 -752 -753 0 -147 230 3 185 181 1 1
761 762 764 0 -344 56 2 -351 228 0 2
762 763 -757 -242.86 -92 102 2 -360 97 0 1
763 -755 -756 -1672.09 185 -230 1 16 -17 1 2
764 -758 765 0 -382 184 2 152 -330 3 1
765 766 768 0 -436 -326 2 299 -50 0 1
766 767 -761 741.159 -160 -100 2 -391 -37 0 1
767 -759 -760 2019.02 253 171 2 461 126 1 2
768 769 773 0 191 154 0 289 -180 1 2
769 770 772 190.356 175 -134 1 97 -159 2 2
770 771 -764 -1728.01 339 -63 1 -147 -25 0 2
771 -762 -763 1074.04 154 83 1 344 133 0 2
772 -765 -766 2554.16 -106 -46 1 -369 180 1 2
773 774 781 0 -187 207 1 293 89 2 1
774 -767 775 1831.65 197 -78 1 370 19 2 2
775 776 777 881.537 26 -72 2 273 -295 2 2
776 -768 -769 122.403 169 33 1 259 -147 1 2
777 -770 778 1232.01 150 80 1 -215 -128 2 2
778 -771 779 145.387 -46 65 0 -242 40 2 1
779 -772 780 -3683.19 266 -153 0 252 -139 1 2
780 -773 -774 -174.591 14 -331 2 -66 129 1 2
781 782 784 0 314 -109 2 -353 227 2 1
782 783 -777 -1175.65 41 305 1 -357 222 2 2
783 -775 -776 204.171 -375 63 1 -435 -97 0 1
784 785 797 0 373 -177 1 252 213 1 1
785 786 793 -607.579 -195 -272 0 -189 -84 1 2
786 787 792 588.543 -114 -80 1 -138 143 1 2
787 788 -783 2133.18 150 53 2 -398 166 2 2
788 -778 789 225.791 -197 -20 1 484 227 3 1
789 790 -782 616.887 244 149 0 -148 -205 1 1
790 -779 791 -1972.36 347 268 0 163 -74 1 2
791 -780 -781 0 -208 -310 1 -243 129 1 2
792 -784 -785 3564.51 -96 -97 2 383 193 1 2
793 -786 794 -1445.45 1 159 1 76 -93 1 2
794 795 796 0 -302 -312 2 214 -177 1 2
795 -787 -788 1686.64 232 -159 3 260 -40 3 2
796 -789 -790 242.297 -83 153 1 259 127 1 1
797 798 799 0 224 162 0 289 133 2 2
798 -791 -792 -3165.43 -180 -330 2 119 -168 2 2
799 800 810 0 -430 -134 3 -324 -331 1 1
800 801 -803 391.975 145 -210 0 -202 267 0 2
801 802 803 -1534.42 30 316 2 -107 49 1 2
802 -793 -794 0 287 -193 2 21 49 0 1
803 804 806 340.688 -113 -255 0 -350 -121 3 1
804 805 -797 1940.45 -87 -177 2 -353 143 1 2
805 -795 -796 -190.343 278 -103 0 -278 -30 3 1
806 807 809 511.267 128 13 3 149 211 0 1
807 808 -800 -241.116 -296 175 2 57 -73 1 1
808 -798 -799 0 333 265 0 -388 -279 2 1
809 -801 -802 1674.68 -263 -148 0 -424 -250 2 2
810 811 814 0 -288 -322 3 90 -331 0 2
811 -804 812 0 360 -212 1 -298 -325 2 1
812 813 -807 -2222.29 2 -369 1 -200 -289 1 2
813 -805 -806 -1868.35 -272 -178 2 -66 -197 3 2
814 -808 815 0 303 -162 2 -298 239 3 2
815 816 827 0 -238 190 2 265 -187 3 2
816 817 -820 2302.23 -132 99 2 -430 -166 1 2
817 818 -819 -687.244 -104 -358 2 -28 -142 1 2
818 -809 819 85.3476 -159 0 3 -416 -111 1 2
819 820 -818 440.29 -1 -193 3 -95 24 2 1
820 -810 821 40.4106 -65 26 0 -248 -52 1 1
821 -811 822 -193.428 210 -12 2 22 116 2 1
822 823 -817 -116.534 362 18 2 16 -106 2 1
823 -812 824 -214.101 178 125 2 94 -189 3 1
824 -813 825 -488.592 112 187 2 113 116 1 1
825 -814 826 -2073.6 -204 194 0 -183 100 1 2
826 -815 -816 -906.594 -248 -292 3 -90 -60 2 1
827 828 829 0 43 225 2 -127 -334 1 1
828 -821 -822 -156.573 -271 -276 2 26 -245 1 1
829 830 833 0 42 131 2 269 203 2 1
830 831 832 0 405 -176 2 156 -135 1 1
831 -823 -824 3575.68 268 -126 1 304 -84 0 2
832 -825 -826 151.318 -58 -65 2 -470 -35 1 1
833 -827 834 0 -100 396 0 -398 -247 2 2
834 835 840 -2675.56 382 11 1 -199 168 2 2
835 -828 836 0 -408 -312 1 -44 215 1 1
836 -829 837 -855.397 -43 -249 2 71 12 1 1
837 -830 838 -2000.27 148 36 1 -250 91 2 2
838 -831 839 0 -369 -106 1 -174 210 2 1
839 -832 -833 1469.24 2 -43 2 159 329 2 2
840 841 848 0 -53 -270 3 161 -276 0 2
841 -834 842 0 -254 165 2 -77 103 3 2
842 -835 843 0 -40 -359 2 187 -101 2 2
843 844 -841 456.866 81 51 1 175 24 1 1
844 -836 845 -1272.77 222 164 3 -60 -6 0 2
845 -837 846 196.489 33 57 2 55 115 2 2
846 847 -840 2049.2 -39 -242 3 -208 319 1 2
847 -838 -839 359.846 -223 -111 3 80 301 1 2
848 849 868 0 99 -382 2 283 142 0 2
849 850 851 -520.758 319 -221 0 -27 90 1 1
850 -842 -843 3459.91 96 -44 2 27 -309 3 2
851 852 -861 2740.05 228 154 1 -261 -272 1 2
852 -844 853 1156.14 157 -59 2 -130 260 2 2
853 -845 854 184.755 1 -43 2 152 -211 2 1
854 -846 855 346.47 263 0 0 373 -248 2 1
855 -847 856 -730.863 -233 131 2 245 136 3 1
856 857 -860 937.046 -151 -98 0 -193 284 2 1
857 -848 858 -429.579 -143 3 1 205 50 2 1
858 859 -859 -250.985 -470 -136 2 -109 -129 1 2
859 -849 860 1172.48 252 -119 3 497 100 3 2
860 -850 861 103.632 -161 99 3 -307 88 1 1
861 -851 862 1220.21 228 -115 2 398 290 1 2
862 863 864 -919.207 -92 -239 3 202 -9 1 1
863 -852 -853 0 -466 305 3 -167 188 2 1
864 865 -858 3912.67 37 -34 2 484 -216 2 2
865 -854 866 -533.979 -169 169 0 69 145 1 1
866 867 -857 753.178 -203 -107 3 -437 -291 2 1
867 -855 -856 -490.021 -385 -133 1 28 160 1 1
868 -862 869 0 213 83 3 288 -63 1 1
869 870 872 0 345 -213 0 229 237 2 2
870 871 -865 -338.448 347 34 2 -155 -62 1 1
871 -863 -864 24.7156 236 169 2 -22 -248 2 1
872 873 882 276.796 -119 -86 2 -439 -288 1 2
873 874 -875 267.928 177 -44 1 27 226 2 1
874 -866 875 0 384 -13 0 92 -311 3 1
875 876 881 2084.63 161 111 0 491 239 2 2
876 877 880 0 241 255 1 -274 -267 0 1
877 -867 878 -2623.29 220 -150 1 13 -152 2 2
878 -868 879 1020 -283 -273 2 339 -335 1 1
879 -869 -870 -557.132 -440 70 3 -110 -133 1 2
880 -871 -872 1068.73 -272 112 2 -230 16 0 2
881 -873 -874 -55.2309 -450 -268 3 -277 132 2 2
882 883 891 0 287 199 0 254 -186 1 2
883 -876 884 0 143 -322 0 69 189 2 1
884 885 -884 3648.78 -110 -69 2 76 -254 1 2
885 886 -883 -505.982 -477 109 2 155 45 1 2
886 -877 887 0 340 184 1 -40 173 3 2
887 -878 888 -684.393 -379 244 3 241 -132 0 1
888 -879 889 157.269 -226 132 2 109 147 2 1
889 -880 890 -1312.4 317 -51 3 158 90 3 2
890 -881 -882 2664.72 -31 -26 2 17 -326 3 2
891 892 894 0 56 -211 0 101 -325 3 2
892 893 -887 1020 158 -206 2 -447 60 2 1
893 -885 -886 3340.11 104 -305 0 139 -82 1 2
894 895 899 0 -392 -117 0 198 -270 0 2
895 896 897 1020 -139 -172 2 372 -309 1 1
896 -888 -889 0 268 -182 3 135 -313 1 2
897 898 -892 0 237 179 1 -51 85 3 1
898 -890 -891 -294.222 -408 -93 2 115 -124 2 1
899 900 908 0 -223 368 2 278 -165 2 2
900 901 907 0 -46 -233 0 -213 125 1 1
901 -893 902 0 -327 135 2 193 193 3 1
902 -894 903 -2605.43 -342 -289 0 -62 21 2 2
903 904 -899 -952.946 281 189 1 -80 -73 3 2
904 -895 905 -597.764 310 -105 2 -217 115 2 1
905 906 -898 3519.01 163 -59 3 -363 -321 2 2
906 -896 -897 -159.044 496 91 2 -152 184 1 1
907 -900 -901 73.0949 98 -175 2 458 -234 0 1
908 909 917 0 -200 180 3 -385 171 1 2
909 -902 910 398.658 38 -67 3 60 347 3 1
910 911 -910 127.109 -292 -140 2 -6 -144 2 2
911 912 -909 -773.955 440 -33 1 -146 -132 1 2
912 -903 913 -2372.92 470 129 2 -6 65 3 2
913 914 -908 -25.732 25 269 2 -82 27 3 1
914 -904 915 -2205.52 -53 212 3 -186 132 2 2
915 -905 916 -2001.5 369 -363 2 93 -164 3 2
916 -906 -907 130.426 90 -50 1 -208 119 1 2
917 -911 918 0 -329 -131 2 285 -154 2 2
918 -912 919 0 398 -229 2 285 -44 3 2
919 920 926 0 -290 50 3 -33 236 1 1
920 -913 921 0 -370 -318 0 217 52 1 1
921 -914 922 282.658 -191 -76 2 -321 370 1 1
922 923 -919 -100.27 51 271 1 40 122 1 2
923 924 -918 0 -391 91 1 -213 138 0 2
924 925 -917 -156.44 167 -169 0 -221 32 2 2
925 -915 -916 -444.404 -341 -161 2 -171 -46 2 1
926 927 929 0 -438 208 3 -352 219 2 2
927 928 -922 471.5 -75 -66 0 130 -197 2 1
928 -920 -921 -505.071 135 -222 3 -7 -102 1 1
929 930 932 0 -431 56 1 -374 203 1 1
930 931 -925 -345.598 -429 180 0 -54 -51 3 1
931 -923 -924 -62.8192 440 -79 1 -397 147 0 2
932 -926 933 0 129 -163 0 238 -210 2 2
933 934 938 -545.37 -359 9 1 268 -169 1 1
934 935 937 -429.962 -444 -297 3 205 -53 2 1
935 -927 936 -3515.3 -237 -111 1 249 -102 2 2
936 -928 -929 3767 112 -140 2 84 -210 0 2
937 -930 -931 2110.01 -202 126 3 396 -61 0 2
938 939 947 0 -475 241 3 -345 -325 2 1
939 940 941 462.286 -201 -41 1 479 214 2 2
940 -932 -933 -561.86 -34 -354 1 -18 45 1 2
941 942 943 555.239 43 -174 1 -381 -361 1 2
942 -934 -935 377.062 36 -143 1 39 -102 2 2
943 -936 944 -622.578 315 -154 1 131 -303 1 2
944 -937 945 0 323 167 1 120 -141 3 2
945 946 -940 0 207 -128 3 85 -105 2 2
946 -938 -939 -318.883 -115 287 2 -386 -70 1 1
947 948 950 0 -393 -74 2 -301 -327 2 2
948 -941 949 0 -186 103 0 78 -168 3 1
949 -942 -943 1646.19 -329 -280 2 -176 -361 2 2
950 951 953 0 -473 -75 3 270 193 2 1
951 -944 952 -278.343 -425 -293 3 -197 163 0 1
952 -945 -946 -248.065 -277 330 3 -217 132 2 1
953 954 996 743.512 42 -296 0 -212 -89 2 1
954 955 971 0 352 362 2 276 -3 1 2
955 -947 956 -555.09 134 117 2 -195 -109 2 1
956 957 -963 -1226.92 -119 -245 0 153 -106 2 2
957 -948 958 17.9295 226 125 1 414 270 2 1
958 -949 959 -3562.47 -346 184 1 -3 -102 2 2
959 -950 960 -154.105 -133 -43 1 -190 98 0 1
960 -951 961 312 116 67 1 342 319 2 2
961 -952 962 -3529.92 47 -154 1 -29 -68 2 2
962 963 -962 652.632 142 25 3 317 29 0 1
963 964 -961 -1244.35 324 282 3 181 -54 2 2
964 -953 965 372.092 158 149 3 -329 -42 2 2
965 -954 966 185.881 204 142 1 -375 -306 0 1
966 -955 967 -3651.73 -480 -17 2 204 -14 2 2
967 968 970 3784.07 162 -74 1 -277 254 2 2
968 969 -958 1774.79 -211 136 3 -88 -272 2 2
969 -956 -957 3.31993 -216 183 2 420 214 2 1
970 -959 -960 3817.58 -25 -41 1 -491 243 1 2
971 972 975 0 195 259 1 268 -163 0 1
972 973 -967 -1331.46 469 -220 0 100 -137 2 2
973 -964 974 -510.136 -424 260 2 -158 77 1 1
974 -965 -966 -485.234 -83 104 2 228 21 1 1
975 976 992 4080 -75 -157 0 -369 -85 2 2
976 977 982 0 -321 -96 1 -344 -309 3 2
977 978 979 0 391 99 3 139 -164 0 1
978 -968 -969 1020 -349 -269 1 495 68 1 1
979 -970 980 1020 -371 -224 0 490 205 0 1
980 981 -973 579.017 -84 -70 2 45 155 1 1
981 -971 -972 3050.08 -198 -28 2 -401 251 3 2
982 983 985 0 24 -223 1 118 -299 2 2
983 -974 984 -33.3235 -38 -371 1 -338 -46 3 1
984 -975 -976 -237.856 -329 -254 3 -88 -258 0 1
985 986 990 2533.3 -307 87 2 -286 -116 1 2
986 987 -981 -3977.03 -350 89 1 -358 -231 1 2
987 -977 988 -849.651 -245 223 1 -271 60 1 1
988 -978 989 0 431 -350 1 -388 -115 3 1
989 -979 -980 861.794 -25 -143 2 164 -173 2 2
990 -982 991 -12.9043 295 177 0 172 169 3 2
991 -983 -984 1979.12 -273 75 3 165 134 0 2
992 -985 993 4080 -18 -158 1 392 -286 2 2
993 994 995 772.818 -104 100 0 345 64 1 1
994 -986 -987 0 -452 -175 0 162 183 2 2
995 -988 -989 -468.082 -104 344 1 -96 58 2 1
996 -990 997 -791.505 -404 215 0 -346 -12 2 1
997 -991 998 0 331 -148 2 -337 -197 2 1
998 -992 999 500.89 -121 -215 2 124 -161 1 1
999 -993 -994 4080 -234 -169 2 -419 -5 1 2
1000 1001 -1014 82.4845 200 126 1 -228 261 0 1
1001 -995 1002 -527.845 182 -25 1 -3 34 3 1
1002 1003 -1013 391.985 133 46 1 -151 -82 2 1
1003 -996 1004 1604.46 -122 -33 2 -286 -4 1 2
1004 1005 -1012 2925.07 49 -93 0 -26 73 1 2
1005 -997 1006 373.47 91 -72 2 222 -394 0 1
1006 1007 1018 1308.8 74 77 1 -12 -140 1 2
1007 -998 1008 -2166.53 -104 -366 0 -125 -232 2 2
1008 1009 -1009 2113.45 184 -228 2 -153 256 2 2
1009 -999 1010 -57.5694 -102 -151 3 69 -295 2 2
1010 1011 -1008 548.955 -77 -284 3 -333 288 0 1
1011 -1000 1012 474.53 44 -73 2 -387 -244 2 1
1012 1013 -1007 3720.44 28 -35 1 -172 -343 1 2
1013 -1001 1014 -548.733 299 364 1 -176 57 0 1
1014 -1002 1015 0 154 -331 2 -113 -299 2 2
1015 1016 -1006 409.258 -229 38 0 -45 138 1 2
1016 -1003 1017 -597.423 -204 -217 2 177 -278 0 1
1017 -1004 -1005 0 266 399 3 197 118 1 1
1018 -1010 -1011 419.211 43 52 0 -286 -75 2 1
1019 -1015 -1016 0 373 -53 2 193 -169 1 2
1020 1021 -1020 -1258.02 73 -153 2 48 -57 3 2
1021 -1018 -1019 -119.289 388 79 2 -93 -44 2 2
1022 -1021 1023 -847 469 -24 0 -110 -66 2 1
1023 -1022 -1023 0 -96 347 0 -146 74 3 2
1025
0 39.0676 120.73 
1 30.3333 117.167 
2 41.5 131 
3 106.955 150.818 
4 99.7 154.886 
5 22.8333 107.667 
6 16.5 101 
7 20.5 90 
8 12.8333 91.9167 
9 5.5 89 
10 21.5 98.4286 
11 -121.423 -141 
12 -137.118 52.5 
13 -126.786 55.1429 
14 -61 -174.5 
15 66.0263 157.316 
16 75.5 158.333 
17 85.2143 157.857 
18 206.667 60.8889 
19 -135 47.5 
20 241.833 30.3333 
21 234.167 32.8333 
22 230.2 40.8 
23 246.5 -25.5 
24 -120 55.5 
25 -232.5 68 
26 -232.5 81 
27 -222.9 -56.2 
28 -230.786 -55.8571 
29 -213.794 -56.1176 
30 32.5 111 
31 202.7 56.1 
32 209 52.6 
33 216.25 53.625 
34 65.0714 150.857 
35 103.079 139.316 
36 56.8714 144.829 
37 70 145.786 
38 82.5 152 
39 152.308 -56.3077 
40 138.5 -85.6667 
41 141.1 -62.6 
42 135.441 -76.2941 
43 151.8 -73.8 
44 152.428 -66.6024 
45 144.559 -78.2353 
46 -54.7143 -157.643 
47 68.5 134 
48 78.5 132.4 
49 77.7353 144.882 
50 82.9615 136.231 
51 87.0294 146.059 
52 91.625 134.25 
53 59.5 134 
54 49.6379 133.828 
55 97.5 140 
56 209.318 -19.8182 
57 222.5 -23.5 
58 234.817 -16.8165 
59 -2.5 79 
60 5.5 81 
61 -184.878 -144.222 
62 174.4 -44.1 
63 182.545 -42.4545 
64 162.049 -46.5122 
65 248.5 4.5 
66 -232.5 -47 
67 -149.864 -161.091 
68 -159.714 -158.214 
69 -145.857 -171.929 
70 184.963 64.4815 
71 195 63 
72 73.2778 120.667 
73 88.8494 120.084 
74 56.6053 121.737 
75 -224.5 -49 
76 -85.6471 -134.794 
77 -63.375 -133.75 
78 -77.5714 -160.786 
79 -85.5 -172.333 
80 -59.4 -157.9 
81 -73.3116 -151.173 
82 -59.1765 -137.971 
83 -68.2222 -168.5 
84 -81.1111 -138.167 
85 -62.5 -166.75 
86 -67.8182 -174.773 
87 -86.3333 -164.833 
88 -80.6087 -174.891 
89 66.25 114 
90 70.5769 93.3077 
91 63.8636 100.091 
92 63.75 90.75 
93 81.2368 103.491 
94 77.1 99.8 
95 82.3 90.0667 
96 65.1364 111.727 
97 65.8636 124.636 
98 73.2778 104.889 
99 47.6538 123.615 
100 57.5 111 
101 48.2879 111.788 
102 80.2 -41.4 
103 73.8333 -30.5 
104 26.6 96.1 
105 -189.5 -130 
106 -115 -175.5 
107 -95.3846 -175.654 
108 -103.273 -175.318 
109 -95.9444 47.1111 
110 -85.2 43.9 
111 -116.961 48.2476 
112 28.3 -105.6 
113 16.9667 -107.133 
114 -95 -169.5 
115 209.167 -13.6667 
116 209.909 -17.1606 
117 243.5 43.5 
118 240.5 -3.5 
119 -232.5 57 
120 -232.5 48 
121 -158.872 -149.244 
122 245.5 6.5 
123 70.3421 -93 
124 61.5 -94 
125 134.088 -69.9412 
126 245.5 36.5 
127 244.75 17.375 
128 245.5 29.5 
129 88 -57.6667 
130 121 -71.25 
131 188.839 -30.9643 
132 37.8077 108.846 
133 197.735 -22.5 
134 -111 -171.5 
135 -139 -174.5 
136 -129 -174.5 
137 33.5 103 
138 42.5 103 
139 53.5 103 
140 234.808 34.4231 
141 0.205882 70.8824 
142 -8.9 70.8 
143 185 55 
144 195 55 
145 75.5 62.3333 
146 78.8548 81 
147 76.4412 72.1765 
148 228.542 8.18855 
149 242.727 20.4545 
150 52.9545 97.9091 
151 38.0263 98.0526 
152 71.5625 -83.5625 
153 -38.8 70.7333 
154 67.5 84 
155 58.9444 89.4444 
156 56.5 -84 
157 55.5 -95 
158 -207.833 -50.7407 
159 -216.5 -49 
160 65.5 71 
161 108.5 -73 
162 145.836 -48.5672 
163 115.433 -49.4333 
164 -42 -124 
165 34.5 93 
166 53.1 93.2 
167 45.2143 92.8571 
168 -167.789 -136.974 
169 96.9286 -74.4286 
170 86.5 -75 
171 -236.025 9.27966 
172 74.4091 -75.4545 
173 37.5 -89.8333 
174 32.3333 -95.6667 
175 48.8333 -86.3333 
176 32.25 -101.25 
177 48.3235 -97.2353 
178 22.5769 -97.4615 
179 37.4551 -89.6966 
180 23.375 -85.375 
181 0.5 75 
182 225.611 6 
183 226.471 18.0588 
184 -225.905 -35.5405 
185 -230.611 -20.2222 
186 -10.5952 64.8095 
187 41.8077 -75.7692 
188 48.7 -76.2 
189 58.5 -75 
190 -169.429 -123.929 
191 -170 -113.5 
192 217.846 48.0769 
193 -210.5 -42 
194 -200.3 -48.4 
195 -200.682 -55.2727 
196 172 61 
197 29.9 85.6 
198 18.5 84 
199 9.5 -108 
200 -197.591 -49.0909 
201 -168.667 -101.833 
202 15.5 79 
203 26.5 79 
204 50.6111 -69.3333 
205 222 43 
206 210.25 44.25 
207 -230.667 -8.16667 
208 -230.167 2.66667 
209 48.5769 87 
210 51.7642 77.8302 
211 155 69 
212 237.5 28.5 
213 237.5 20.1667 
214 38.5 85 
215 18.5 -98 
216 38.5 78 
217 160 61 
218 27.5 75 
219 -97.4 -161.3 
220 180.545 -34.7273 
221 187.537 -25.8889 
222 24.9667 43.2667 
223 -221.02 80.8 
224 -207.738 79.8095 
225 -15.5625 57.8125 
226 218 39 
227 35.5 72 
228 15.9762 72.0476 
229 -170.5 -146 
230 77.2941 -56.8824 
231 -195.37 81.6522 
232 -232.357 38.2857 
233 -232.7 30.4 
234 -232.682 16.7273 
235 -232.3 23.6 
236 -116.632 -167.605 
237 -106.727 -167.318 
238 -194.6 -43.2 
239 -191.227 -50.1818 
240 -191.5 -56 
241 236.643 40.6429 
242 22.46 66.84 
243 227.48 26.3137 
244 227.324 40.7941 
245 78.05 -51.85 
246 -213.389 71.7778 
247 -224.5 72 
248 199 47 
249 189 47 
250 188.727 41.1818 
251 200.642 29.003 
252 190.6 32.8 
253 202.857 37.7143 
254 219.243 32.2432 
255 224.4 26 
256 218.167 21.8333 
257 170.154 47.6154 
258 179.208 41.9434 
259 171.455 35 
260 169.8 40 
261 -226.5 65 
262 -108 -162.5 
263 -119.538 -162.423 
264 -129.481 -165.87 
265 -139 -165.5 
266 210.006 -8.01282 
267 208.875 10.7361 
268 32.7857 -70.7143 
269 41.5 -68 
270 31.2143 -59 
271 218.5 38.5 
272 218.5 28.5 
273 210.5 41.5 
274 201.5 41.5 
275 175.55 -34.9 
276 -226.5 55 
277 203.855 1.36145 
278 212 34.1667 
279 203.629 31.2742 
280 -54.7 63.2 
281 -106 -146.5 
282 -106 -155.5 
283 -150.8 -147.1 
284 -129.5 -138.625 
285 -112.167 -157 
286 -113.412 -146.088 
287 -130.154 -156.269 
288 -120 -149.5 
289 -108.3 -137.8 
290 -112.078 -139.511 
291 -124.7 -134.4 
292 -122.083 -155.833 
293 -136.105 -149.921 
294 -130.1 -145.3 
295 -141.273 -146.409 
296 -138.7 -156.3 
297 -97 -152.5 
298 -97.2 -146.7 
299 193 11 
300 185.5 -23.5 
301 192.149 -6.49604 
302 193.9 24.1 
303 99.5 -51.3 
304 -226.5 44 
305 -226.5 34 
306 170.962 -35.2885 
307 -139.5 -144 
308 -162.5 -145.526 
309 -151.206 -145.118 
310 135.714 65.1429 
311 148.2 65 
312 138.143 60.1429 
313 149.8 59.8 
314 -226.9 25.4 
315 -226.864 16.9091 
316 -219.5 65 
317 -219.5 56 
318 6.16667 -101.5 
319 175.604 -27.3542 
320 191.875 26 
321 192.25 39 
322 -214.682 -35.2727 
323 -207.794 -34.8235 
324 -198.227 -35.4545 
325 -177.5 -55 
326 -184.5 -55 
327 -181.591 -43.4545 
328 161.714 50.8571 
329 136.364 52.8182 
330 149.636 52.8182 
331 187.5 37.5 
332 187.5 23.5 
333 178.565 3.68174 
334 -164.769 -91.6538 
335 11.4194 -89.7366 
336 157.324 -39.2059 
337 -226.265 17.5294 
338 -221.038 30.4231 
339 -223.818 6.63636 
340 -205.963 -6.97561 
341 -217.786 -4.85714 
342 162.794 18.1176 
343 171.367 15.8667 
344 156.545 41.4545 
345 164.4 44.4 
346 162.595 37.3095 
347 152.81 23.4483 
348 162.95 35.075 
349 165.167 -4.66667 
350 166.343 -1.88084 
351 160.534 21.1379 
352 165.5 5.8 
353 -220.5 -21 
354 -205.974 -20.9474 
355 52.7857 65.1429 
356 43.2143 65 
357 -213.951 -21.9608 
358 19.5 -73 
359 62.5 59 
360 -148 -140.5 
361 -159.615 -137.038 
362 104.308 57.3077 
363 -222.367 13.2 
364 -221.833 26.5556 
365 -222.5 3 
366 -221.5 43 
367 -222.643 -10.2857 
368 167.4 32.2 
369 31.5 -54 
370 23.5 -55.7273 
371 23.5 -63.6154 
372 9.9 66.76 
373 -201.214 75.4286 
374 -192.9 76.2 
375 172.227 19.6591 
376 168 28 
377 -158.333 -53.1667 
378 -159.5 -46 
379 -167.045 -48.3636 
380 -169.357 -44.5714 
381 -158.74 -32.56 
382 -180.5 -21.9 
383 -162.674 -22.6957 
384 -187.192 -23.1154 
385 -183.742 -28.8634 
386 -164.864 -35.2727 
387 -185.056 -39.2778 
388 -166.167 -52.3333 
389 -182.625 -45.375 
390 -166.5 -57 
391 -211.658 64.2105 
392 -197.125 53.375 
393 -207.922 54.6222 
394 -203.5 64 
395 -196.346 62.6154 
396 -200.2 70 
397 -181.5 80 
398 -184.167 72.0952 
399 -169.033 75.1333 
400 87.3182 -48.0455 
401 -164.947 -122.026 
402 -165 -105.5 
403 177.136 -30.9091 
404 168.744 -27.186 
405 154.388 30.8289 
406 42.5 -54 
407 71.25 -51.1667 
408 27.5 -48 
409 19.9545 -49.9091 
410 18.5 -63 
411 34.7941 -47.8235 
412 -213.625 -12.5 
413 -212.1 18.0667 
414 -218.704 6.16505 
415 -212.5 28 
416 -215.5 37 
417 -215.5 45 
418 -214.7 -3.7 
419 -199.269 -15.5385 
420 -197.5 -6 
421 168.5 -10.5 
422 -201.929 28.7143 
423 -159 -126.5 
424 -154.5 -45 
425 33.3261 63.6957 
426 -54.1 -126.6 
427 -159 -109.5 
428 -159 -100.5 
429 -159 -116.5 
430 -93.4286 -141.786 
431 -210.5 36.5 
432 -208.5 45 
433 168.526 10.0526 
434 167.091 4.45455 
435 166.475 -13.9768 
436 178.5 -18 
437 145.981 -40.7222 
438 137.227 -44.6818 
439 137.556 42.1111 
440 -184.857 56.0268 
441 70.1667 53 
442 59.5 53 
443 -26.3182 -119.182 
444 4.4 61.9 
445 19.5 62 
446 -199.029 20.8235 
447 148.089 -25.1929 
448 -197.66 -8.62 
449 168.714 14.8929 
450 153.072 -0.965517 
451 150.679 -19.3929 
452 -173.136 52.4545 
453 -170.5 63 
454 167.932 19.75 
455 -159.368 -75.1842 
456 -160 -88.5 
457 -34.3182 60.6364 
458 -16.5 52 
459 123.887 -27.3131 
460 158.773 20 
461 -152.722 -41.4444 
462 160 16.2857 
463 150.597 -6.51613 
464 136.565 -0.53972 
465 160.553 19.2105 
466 101.5 -16.9 
467 113.875 -16 
468 103.4 -29.8 
469 104.8 -21.9333 
470 118.423 -20.9231 
471 108.471 -32.2941 
472 107.377 -35.2992 
473 101.167 -32.1 
474 114.5 -43.2 
475 108.341 -11.3902 
476 162.7 36.1 
477 159.214 8.71429 
478 39.1 -39.6 
479 40.2273 -32.8182 
480 138.204 22.7538 
481 135.293 37.8621 
482 13 -65.5 
483 -199.5 4 
484 -212.438 4.8125 
485 -172.444 28.3333 
486 -185.5 -15.0441 
487 -170.5 -15.6 
488 -190.401 11.3056 
489 -210.167 37.0238 
490 -198.5 37.5 
491 -177.731 37.2308 
492 -181.3 32 
493 -190.322 34.5778 
494 -145.5 -56 
495 -204.5 31.6 
496 -157.5 77 
497 -143.5 77 
498 38.5 82 
499 48.0714 56 
500 40.5 56 
501 31.5 56 
502 10.7 57.9714 
503 138.706 26.6275 
504 -146.5 -48 
505 -146.5 -36 
506 -199.5 12 
507 102.786 41.5 
508 119.174 41.2609 
509 110.667 36.3333 
510 102.263 18.6053 
511 112.091 17.9545 
512 -199.466 41.4483 
513 -186.5 44.6 
514 -192.5 43.5 
515 -185.5 44.5 
516 -174.5 44 
517 10.7 54.0286 
518 131.692 6.61538 
519 149.346 4.46154 
520 143.464 18.9969 
521 113.76 11.846 
522 89.5519 -32.1718 
523 -152.722 52.4444 
524 -162.438 51.0625 
525 -163.441 61.7647 
526 -114.5 51 
527 -142.538 1.11538 
528 -137.206 52.5882 
529 -130.5 50.7778 
530 -122.5 51 
531 -130.625 24.375 
532 -136 37.875 
533 -144.25 51.75 
534 -161.052 -16.8966 
535 -177.962 -16.1923 
536 77.9615 -49.0769 
537 66.0455 -48.9091 
538 47.9 -50.2 
539 55.7857 -49.8571 
540 -149.342 -23.7895 
541 47.2 39.1333 
542 79.1364 72.7273 
543 68.5909 74.7273 
544 71.4615 39.8462 
545 79.25 43.625 
546 92.5 45.1667 
547 67.1842 68.8421 
548 75.9216 45.2745 
549 88.9444 67.5556 
550 78.1154 67.8462 
551 61 43.4 
552 58.4286 38.1429 
553 61.5 77.4 
554 62.5 69.6667 
555 93.4167 40.5833 
556 94 51.4286 
557 53.6579 72.6842 
558 -169.714 6.71429 
559 -174.5 16.5 
560 -170.269 21.0385 
561 -167.684 1.73864 
562 -159.389 2.66667 
563 -161.794 19 
564 -157.457 65.1304 
565 -173.931 43.4236 
566 -175.5 29.5 
567 -160.31 31.0952 
568 -163.1 38.4 
569 -155.9 42 
570 102 0 
571 100.854 20.6173 
572 102.78 -2.16102 
573 -104.769 -143.038 
574 -127 -141.5 
575 90.3913 -44.1087 
576 93.1667 -24.25 
577 94.24 -7.12 
578 107.214 -8.71429 
579 -148.214 -137.429 
580 80.7424 -22.7273 
581 93.5 -17 
582 78.5882 -44.1471 
583 87.8472 -4.76389 
584 80 -41.4167 
585 -176.786 -134.857 
586 -164.1 -137.229 
587 -154.3 -134.6 
588 -143.203 -137.27 
589 -57.2727 -127.318 
590 71.05 -42.2 
591 58.5 -43 
592 32.5 -41 
593 14.5 -51 
594 -145.5 65 
595 -125.712 69.58 
596 -100.048 67.9355 
597 92.7459 4.11475 
598 93 30 
599 25.5 51 
600 88.5 62.6667 
601 79.7 40.8 
602 99.5 63 
603 81.3947 -31.3684 
604 66.1364 -34.5 
605 69.8095 -26.7143 
606 84.5286 -0.185714 
607 88.5 43.5 
608 92.5439 34.0965 
609 104.2 41.8 
610 89.2143 17.8571 
611 101.682 34.3636 
612 87.3478 5.54348 
613 103.667 58.5 
614 103.167 49.2222 
615 -89.4 19.9 
616 -93.6667 33.1667 
617 -81.7333 26.3667 
618 -88 29.7 
619 -79.7059 15.2647 
620 -95.4 26.5 
621 -101.077 27.1154 
622 -79.125 19.25 
623 79.4231 39.1923 
624 79.5 45.5 
625 76.5 -22.125 
626 76.0263 -4.81579 
627 84 15 
628 91.6818 4.90909 
629 79.5 7 
630 82.2258 28.8226 
631 -154 -117.5 
632 41.5 -48.4 
633 10.9 -49.8 
634 22.4153 -51.1186 
635 4.5 -50 
636 43.0556 -23.6667 
637 21.8699 -45.3699 
638 53.5667 -37.6 
639 -89.1 -122.6 
640 -105.706 38.6176 
641 -93 38.5 
642 92.825 25.35 
643 -150.346 27.2308 
644 -149.5 -14 
645 -164.5 -0.5 
646 -159.048 4.6619 
647 -165.318 28.2273 
648 -160.938 43.4688 
649 25.2857 -38 
650 88.6158 51.6842 
651 81.5 43.4545 
652 47.6522 16.7391 
653 61.7042 34.5275 
654 72.4 14.8 
655 73.8 60.7 
656 56.5 61 
657 64.5 61 
658 69.2 32.8 
659 76.9167 28.1667 
660 -164.022 40.1304 
661 -149.409 41.4545 
662 71.3846 -10.8462 
663 79.8333 -23.8333 
664 67.1739 -20.1739 
665 67.6304 -33.1957 
666 80.75 -16.75 
667 64.3846 -53.3462 
668 47.6667 -6.33333 
669 37.6 -8.1 
670 51.9134 -25.7036 
671 38.8095 -24.9524 
672 -138.833 31.3333 
673 83.3571 18.2857 
674 90.5 19 
675 77.4231 18.1154 
676 69.5667 18.5667 
677 69 -3 
678 67 -42.5 
679 70.4634 -31.1585 
680 69 -20.8333 
681 73.9054 6.14865 
682 74.8725 -9.05882 
683 69.0263 -19.2105 
684 70 5 
685 84.5 11 
686 93.25 10.25 
687 84.8333 3.88889 
688 83.5 -5 
689 73.8 -0.6 
690 75.6 7.8 
691 47.9 -12.8 
692 49.4167 -4.58333 
693 0 -28 
694 15.162 -33.0523 
695 28.8889 -26.8889 
696 -132.761 57.3913 
697 58.0789 -30.6053 
698 71.2727 -6.63636 
699 57.25 -5.75 
700 90.1154 39.0769 
701 88.3837 30.2326 
702 73.7857 27 
703 74.1136 10.5682 
704 62.7 -0.35 
705 71.6111 35.9444 
706 69.1818 -10.4091 
707 -158.5 37.5 
708 -158.125 29.875 
709 -139.342 -46.7368 
710 -140.5 -30 
711 -141.5 -22 
712 -142.833 -15.3333 
713 -158 -4.125 
714 -161 -4.5 
715 -160.6 -11.3 
716 -141.591 -9.45455 
717 -142.667 15.8333 
718 -158.523 -12.5455 
719 -156.778 6.06349 
720 -142.75 -4.375 
721 -142.5 7 
722 -158.929 21.6905 
723 -142.5 1 
724 -157.5 -16.5 
725 -152.364 5 
726 60.6 11 
727 56.7417 -1.14799 
728 0.625 -109.5 
729 -145.5 41 
730 -145.5 28 
731 -160.5 47.5 
732 78.5 37 
733 78.5 29 
734 77.5 7.05882 
735 62.0519 0.773585 
736 62.625 17.125 
737 61.0667 1.8 
738 55.2619 19.119 
739 60.3182 6.59091 
740 53.1822 -0.845794 
741 70.1154 6.30769 
742 70.5 37 
743 70.5 29 
744 47.6818 18.9545 
745 30.5 18.5 
746 22.8333 17.8333 
747 -5.9 4.5 
748 15.125 15.875 
749 39.62 19.26 
750 -153 45.85 
751 -142.5 31.6 
752 55.5 6.76471 
753 18.528 -24.1371 
754 26.2143 -16.5714 
755 -111.071 79.2857 
756 -102.5 79 
757 -92.5 79 
758 -98 -135.833 
759 46.4737 -5.54605 
760 64.5 32 
761 54.8571 4 
762 50 0 
763 43 -3.92857 
764 54.5 -4 
765 40.6522 -41.7609 
766 41.3571 -19.7143 
767 23.6429 5.14286 
768 59.5 27 
769 59.5 36 
770 46.7308 4.46154 
771 45.9545 10 
772 35.7 -16.7 
773 40.3824 -1.55147 
774 34.9545 -25.5 
775 -119.582 34.3182 
776 -130.636 31.4091 
777 -109 31.6667 
778 47.3 62.8 
779 20.8333 73.8667 
780 19.625 67.125 
781 34.6238 71.0095 
782 22.0455 80.9091 
783 44.3333 72.1667 
784 28.5714 34 
785 38.6 34.6 
786 58.9545 22.6364 
787 63.3182 28.2727 
788 57.3 28.6 
789 63.6176 41.4706 
790 57.5 36 
791 39.5 5.5 
792 38.555 -2.655 
793 -174.038 -127.462 
794 -180.5 -128 
795 -157.929 -128 
796 -166.395 -128.368 
797 -152.1 -128 
798 -148 -136.5 
799 -132.548 -131.306 
800 -145.5 -128 
801 -115.714 -137.5 
802 -123.6 -137.5 
803 -107 -137.5 
804 -101.045 -126.091 
805 -63.7 -126.314 
806 -77.6111 -126.407 
807 -90.5 -126 
808 -67.75 50.25 
809 17.3571 -25.7143 
810 25.1923 -27.0769 
811 25.4 -5.8 
812 22.0556 -10.3889 
813 40 -2 
814 25 -43.9 
815 28.6667 -2 
816 27.0149 -13.5746 
817 41.0714 -8.42857 
818 23.25 -11.75 
819 34.625 -12.5 
820 20.3846 -48.0385 
821 -111.227 -129.182 
822 -118.1 -128.8 
823 29 28 
824 38 28 
825 36.6579 56.1053 
826 46.5 56 
827 -154.8 -75.9 
828 -33.5 25 
829 -115.25 17.1667 
830 -111.875 27.875 
831 -102.267 33.9667 
832 -118.154 0.961538 
833 -98.6182 11.5818 
834 -16.0789 -78.4737 
835 -5.16667 -106.619 
836 -22.7 -116.2 
837 -15.8846 -103.462 
838 -15.6579 -111.421 
839 -26.5444 -106.644 
840 -22.1364 -96.6364 
841 -32.2143 -113.571 
842 51.6667 33.8333 
843 51.2778 25.3333 
844 33.1111 -29.1667 
845 49.5 46 
846 33.7 -0.55 
847 33.9091 -17.3182 
848 35.0714 -15.7143 
849 14.1364 4.09091 
850 25.7 -4.7 
851 16.5 3.5 
852 35.0714 40.2143 
853 35.3 32.7 
854 49.5 2.14286 
855 51.2931 15.931 
856 35.2588 1.67105 
857 40 18 
858 34.9286 9.35714 
859 25.8077 9.11538 
860 25.3182 14.1364 
861 41.7143 6.28571 
862 30.4412 -27.0294 
863 34.5 47 
864 42.5 47 
865 50.2273 46.8182 
866 -115.2 -119.9 
867 -105 -73.5 
868 -113.714 -73.6429 
869 -114.667 -79.6333 
870 -104.615 -85.3974 
871 -110.487 -55.8421 
872 -101.25 -35.875 
873 -85.1667 -38.3333 
874 -84.8571 -52.3571 
875 -76.6667 -42.0333 
876 58.0714 16.2857 
877 13 -2.6 
878 8.26471 -10.3235 
879 6.5 -45.25 
880 -7.77273 -27.0909 
881 19.5 -14.5455 
882 8.5 -26.5385 
883 23.119 -8.7619 
884 12.75 -5.5 
885 -108.235 -132.324 
886 -124.933 -132.567 
887 -78.8333 -130 
888 -56 -119.5 
889 -56 -108.5 
890 -54.4444 -78.1667 
891 -55.4286 -88.2143 
892 -56 -97.5 
893 34 17 
894 27.1176 -26.2059 
895 26.8333 -36.1667 
896 34 8 
897 28.7927 -5.2622 
898 43.5 4 
899 43.5 13 
900 22.5 -38.5 
901 21.8158 -48.0263 
902 -149.816 27.5 
903 -140.545 5.54545 
904 -148.2 -19.7 
905 -143.231 -0.0769231 
906 -146.375 21.625 
907 -136.379 22.6724 
908 -134.533 2.86667 
909 -124.26 22.24 
910 -141.5 -0.5 
911 26.5 -27.5 
912 26.5 -15.5 
913 24.7308 47.4615 
914 14.5 47 
915 -30.6316 51.5263 
916 -21.7727 46.4545 
917 -13.5 47 
918 -3.54762 47.381 
919 6.33333 47.3333 
920 -90.5 70 
921 -108.048 70.7097 
922 -114.167 24.1667 
923 -151.5 52.5 
924 -134.72 46.74 
925 -113.553 59.3684 
926 12.5667 -30.4667 
927 27.5 11.75 
928 23.549 -2.53922 
929 26.3077 5 
930 18.8333 -39.5741 
931 20 -29.9 
932 -191.115 -121.154 
933 -180.167 -120.667 
934 -169.912 -121.235 
935 -159.5 -121 
936 -113 -129.5 
937 -132 -130.773 
938 -149 -131.5 
939 -141 -131.5 
940 -149.5 -121 
941 -105.478 -123.457 
942 -124.25 -121.25 
943 -136.5 -121 
944 28.7143 20.4286 
945 40.3548 45.2581 
946 25.5 45.5 
947 18.5769 -31.6538 
948 19.5 -26.5 
949 19.3182 -17.8636 
950 42.5 38 
951 42.5 20.3333 
952 16.5 8.07143 
953 19.4091 -6.31818 
954 42.5 30 
955 27.5 28.5 
956 27.117 3.41489 
957 28.9 7.6 
958 25.6667 -15.5 
959 20.3333 8.16667 
960 19.1 16.7 
961 5.83333 6.33333 
962 27.5 36.5 
963 5.23333 -0.133333 
964 34.1 12.6667 
965 35.3182 0 
966 21.2885 -10.2692 
967 -0.772727 -10.5455 
968 -102.167 -123 
969 -111.333 -122.045 
970 -121.742 -122.145 
971 -130.769 -115.654 
972 -143.05 -120.275 
973 -130.571 -124.214 
974 -96.7273 -125.5 
975 -79.4737 -124.342 
976 -88.875 -122.875 
977 -149.25 -95.375 
978 -147.487 -104.013 
979 -138.615 -107.192 
980 -128.821 -99.4829 
981 -59.4757 -13.2941 
982 -60.5 67.7143 
983 -68.7 68.4 
984 -76.0238 69.8095 
985 -69.5238 -35.3095 
986 -81.4 5.1 
987 -97.2714 -11.3929 
988 -106.154 -17.5769 
989 -114.286 -17.6429 
990 -121.467 -109.3 
991 -100.605 -110.684 
992 -77.5694 -110.111 
993 -62.4 -124.1 
994 -62.8 -115.9 
995 -33.5588 -99.8235 
996 -5.3 -100.867 
997 -34.3182 -88.2727 
998 -9.66667 -57.5 
999 -14.1923 -93.7692 
1000 -28.5 -69.3333 
1001 -11.25 -84.4167 
1002 -22.6667 -96.6667 
1003 3.66667 -76.6667 
1004 2.875 -64.125 
1005 -13.5364 -72.7818 
1006 -30.5 -80.2308 
1007 -24.8636 -71.9091 
1008 -32.2778 -91.4444 
1009 -5.45238 -92.9048 
1010 0.5 -95 
1011 -0.192308 -87.7692 
1012 6.83333 -68.6 
1013 -7.88462 -41.4615 
1014 7.2 -58.7 
1015 5.5 -21.7273 
1016 -20.0833 -21.5833 
1017 -71.3125 -120.625 
1018 -90.3 -109 
1019 -96.8333 -115.167 
1020 -86.7 -100.4 
1021 103.2 55.6 
1022 105.1 50.6 
1023 121.861 54.4257 
1024 158.074 -69.6667 
